537
57 15
8238 15748 73651 28989 14344 51330 4593 61102 45617 86607 94422 38013 64713 65665 8335 
435 13
26942 37297 18494 29281 11418 32257 25789 35200 10166 61074 36312 33398 12159 
436 18
30423 65951 11589 96497 80284 78386 20540 15140 58907 86715 41981 94503 73634 57743 6930 48725 6619 63990 
437 17
80214 67807 60717 73290 95468 18990 97924 22642 35663 81596 50667 97759 72232 95820 43914 98990 85558 
438 19
35054 11330 99274 15813 83889 80223 89610 79345 42082 32649 35391 69232 60434 38629 66175 63712 66969 27092 26861 
439 17
59612 80284 87123 34247 88601 96612 26050 83531 5988 18337 61164 22104 66061 71932 12459 35638 18795 
440 20
92904 97381 51407 98786 64025 14865 22669 90229 22051 96386 81887 75875 72845 88277 22116 52863 29751 17196 52208 65068 
441 14
73004 50635 68900 9754 99746 9296 18571 531 88387 14327 20278 43614 24401 16741 
442 11
72504 73781 29216 21698 17971 83381 83768 66148 60313 31779 2106 
443 17
3727 21264 42772 37035 95877 10909 33594 64990 76426 37258 95909 87797 41537 85483 5945 86652 33760 
444 20
41619 25777 1892 94801 31023 33829 80636 3077 62467 53963 46666 75863 50386 21992 47515 84956 31693 36998 55257 47918 
445 17
24482 47090 69678 64459 55148 18854 24640 32384 90346 14411 27036 36172 86612 2014 92413 59344 35349 
446 11
95087 36447 76166 91797 31585 28663 54203 56568 43626 32507 83395 
453 14
78130 78117 15158 29656 27249 98701 34782 25645 1191 82256 59820 8560 50531 75764 
454 18
30750 37481 86487 23422 75944 47800 92473 31439 95052 89762 13069 85614 11080 48823 73633 53252 95605 65311 
456 17
7165 94108 41921 62416 37620 18127 66596 60387 53796 44679 55689 71859 9380 87689 65439 59989 18385 
458 17
16259 80536 30142 28797 15900 128 45076 97306 52949 56783 62355 48823 28423 31129 43977 11323 50016 
459 12
86984 92648 10533 81327 71228 46764 17326 63469 56045 90313 9883 1687 
460 18
44277 8744 4201 54199 63410 11626 11171 24771 17791 56133 35151 43659 63170 41502 51338 49664 19903 47652 
461 18
83538 19242 47118 88031 43121 47063 39768 8756 47155 32445 50918 47097 36998 42774 37561 33194 79697 50539 
462 16
73681 45164 29109 36094 11995 31505 65678 92412 96865 36722 84319 76817 82077 12322 88288 72407 
463 12
51482 83652 53132 96797 87646 73788 41957 82295 76175 75446 3028 16290 
464 12
58271 13163 91927 67821 14762 15720 10718 57479 7231 30781 26334 16007 
465 19
82793 43614 666 10458 1139 5493 48125 22169 43640 27856 54490 30843 39961 11588 32334 57715 4418 36875 31246 
467 14
90169 43879 17219 63205 7393 44853 6920 42442 19175 65499 972 44538 25038 45616 
468 11
62853 5272 58453 83033 95506 52580 17345 69503 56407 32401 57872 
469 14
93848 30208 84662 78586 48462 66047 85902 88170 86917 23247 27873 15709 77048 84310 
470 20
34263 84614 71140 60568 72655 34110 75916 83487 84652 65050 7128 85789 58852 30681 54586 84978 50532 61793 72346 42465 
471 15
61062 42143 59975 30033 67411 71246 60092 93191 92047 1825 50023 57455 40127 36918 28808 
473 11
29772 97594 88441 60306 55727 95661 58127 29416 35705 27522 62698 
474 16
31686 77169 81843 3551 28029 76972 46991 30636 90701 18125 12820 97935 34850 72424 17090 71807 
475 10
45085 98303 69472 33019 56380 1752 81234 81136 63790 83891 
476 15
43247 27040 92334 14402 44165 12333 77960 43926 49212 12287 84624 49959 14863 98489 77948 
477 18
26477 9335 91306 21232 44830 19350 54158 46898 36015 37490 31993 65221 55625 98222 41537 7025 80221 62672 
480 13
60513 98651 17048 65717 95653 50116 4794 60521 58516 94131 92068 45626 13678 
481 13
42961 78929 81025 11342 51600 72244 72200 97159 78317 29247 88148 47808 43325 
485 17
58344 93419 30330 6369 82434 40549 47614 75160 38404 54424 92601 71229 77817 18907 44006 24852 90106 
486 20
32434 31791 70433 28477 78122 77753 92872 16438 97830 35600 30785 74082 62384 92546 57487 21153 17824 1886 4790 80033 
487 11
41505 12515 79842 45356 31517 2465 97121 34464 61423 17547 89079 
488 17
59801 65737 42727 87425 68035 35973 8544 30759 70627 28850 98260 26991 47487 9180 77241 83896 65211 
489 11
58486 43477 13509 90826 42519 9255 78749 85685 62622 96269 51755 
490 12
104 44257 30696 53040 88188 60348 737 39605 10519 97000 24207 5411 
491 13
26571 37159 31714 74828 59599 31799 44129 96208 5013 99210 5313 52990 68532 
492 14
64182 44563 65385 82254 18596 21598 72294 10014 35416 6530 57815 16537 72265 45676 
495 11
98669 63009 12937 35848 37875 14463 62285 78162 5337 91286 35150 
496 18
57285 73599 96814 87481 49799 97146 8146 14609 79463 32069 31516 94645 46241 49433 89358 86665 66271 14466 
497 19
4623 24070 40653 11399 49529 9524 3046 79292 40055 6820 68662 8132 84593 59708 2245 46498 29929 29094 8779 
498 15
4651 64733 75135 38688 95302 85390 90223 11241 80075 77897 55274 74383 72849 84687 14276 
500 18
98148 91652 22260 58655 83347 71608 99206 94222 22226 57125 98225 53816 25274 23993 62468 66310 65414 78037 
505 13
6284 67860 36162 53843 14468 65276 92748 16898 49724 31996 78255 65045 79260 
509 18
26236 13809 28738 85925 15596 78675 36853 77423 68900 61410 19647 13862 87846 47478 61918 16053 67157 36366 
510 19
26530 36085 16880 93514 61597 78369 68384 58361 64848 94691 52722 39147 35139 24451 17887 32718 14700 59844 12979 
511 10
93224 45769 23089 56421 96423 52074 50621 88467 74356 91945 
513 13
33765 55334 21710 25729 6815 75635 40341 77048 65218 49112 41329 69745 63420 
515 10
86261 88571 14908 50076 14317 6102 54890 50616 73933 89148 
516 10
67237 9840 73137 81719 445 30270 42720 93660 32922 397 
517 20
73642 47947 89982 30055 74050 54076 54503 4500 90605 41481 45419 21012 57333 81806 60630 3476 74245 46862 79584 49599 
523 12
7005 75069 1315 27320 28689 70527 16020 46966 74363 58251 36567 67132 
524 12
78394 12328 39761 98053 55394 74290 55595 42128 22964 31794 58865 71089 
528 14
19158 45604 12023 40581 46838 17483 110 12578 32027 89514 46637 98110 72214 31738 
531 17
22239 78402 41102 7034 43461 99920 85631 56604 28723 5982 81118 78964 16345 93849 5906 39441 77213 
533 14
82153 64487 91588 73588 62597 25924 97005 95932 59313 23182 75815 89587 95681 39118 
537 19
25397 2473 81853 30595 27234 76734 98577 15699 98569 14282 17842 81581 26854 91758 86922 39709 85228 51889 81256 
538 18
98879 90894 4705 77541 9441 63150 61716 42996 38088 96823 79496 49837 67685 99933 17589 12738 43561 96949 
541 19
42554 38438 25547 60314 84745 35159 43168 55282 41075 71547 30622 88384 76191 17127 23181 76441 65494 75429 11839 
542 16
77627 53334 35954 56865 98687 33694 45750 98025 88830 85408 90563 15560 77058 12927 22135 60895 
544 18
39911 63084 24778 70381 93935 80035 54599 81871 88151 70486 83191 79069 86525 1499 12210 52857 92935 5532 
546 15
41702 9225 91567 34436 76802 55236 83203 80542 54732 22891 53976 78525 39526 31614 60233 
548 15
54149 52961 32263 47559 53466 74869 1969 95358 4373 84013 30740 28077 87470 87751 71669 
550 16
16139 43343 91212 21937 14395 55800 36203 89609 22571 24326 19856 22856 82641 99624 89757 92481 
552 18
93115 72792 39401 91985 3350 40748 78860 86882 3013 38476 60875 36936 45611 98978 72647 42570 82324 19140 
556 14
91097 62448 31438 3816 74742 98069 25025 54005 37868 7002 40615 32051 29439 31927 
557 11
48875 88647 53715 90317 21337 30907 89045 79825 13536 34671 46799 
560 16
44992 7354 31826 41064 494 43582 72904 13308 81791 51380 15010 18659 87742 6850 50900 81657 
570 12
43624 95930 48556 77538 19972 46901 33072 43671 41333 41613 64999 7533 
571 13
86139 89592 78054 20225 19435 57458 48390 10556 96106 34855 16583 79996 53022 
572 11
46019 27132 60007 13883 44937 4152 12897 91355 66231 86896 30693 
578 12
29867 13912 48172 34193 13210 82787 27214 56382 95765 31925 10340 74902 
582 17
6853 55321 52278 85600 42420 1547 14208 75501 31226 50482 95223 75488 37301 59914 47118 17808 8310 
583 14
92001 97154 24846 37870 5706 95553 94884 44990 84591 34458 82378 90103 68159 51927 
584 12
74815 60560 51920 65539 68607 16294 8222 17281 8706 67476 25463 70484 
589 18
46369 70997 7765 49194 62712 94381 18253 50768 89772 74890 30181 70329 75521 23870 57073 82433 14154 54931 
591 20
17873 94574 13947 81663 1056 4934 10485 24529 53076 93494 36684 63788 20925 56387 13749 6503 2324 56038 97 81750 
602 11
40845 54845 23941 45711 70870 24780 73346 2691 61268 24412 93617 
604 13
29140 58896 76134 46407 80612 16250 19444 76575 79703 99172 32057 53894 18628 
607 17
71566 7687 19540 23142 94328 12217 93400 16270 77966 51027 27386 19286 78225 8687 40585 9855 60777 
608 11
90112 72032 33098 5002 59698 29875 30618 24148 2756 51100 6972 
609 18
17917 53280 23659 30872 67221 87607 47873 46884 68398 58979 2670 97968 65943 27273 65573 55364 9495 98050 
610 13
32799 36807 98155 1437 35746 17666 35275 8635 64893 70650 17617 58903 40481 
613 17
58866 35584 45699 6207 27843 30748 29089 53323 62608 64411 66286 3318 23127 58267 98922 58538 1648 
621 12
43914 26690 78237 12449 70418 43214 34869 42478 44732 60228 97480 71051 
624 13
71885 67332 51620 33516 46604 42914 66647 41220 1755 88397 79619 9189 88375 
630 12
99705 81689 98988 11154 19257 12850 23529 13442 96602 22262 74942 25126 
641 16
78580 26298 17518 19933 37225 35557 86853 53703 17474 41309 52564 67000 84192 77837 65443 30493 
644 13
51713 84913 64004 13037 21998 87173 92538 51109 30467 1916 91950 85020 87142 
648 12
80350 87779 33227 30287 21625 83764 76983 22388 63289 40534 74407 50707 
661 20
44823 87312 77606 55860 25973 32402 83190 15297 46618 9112 5110 48941 86001 49350 15973 41272 66405 31489 50977 26557 
664 10
82544 55136 97843 53792 73122 46568 5931 63781 8756 19978 
668 10
50007 4221 84936 65151 24687 20039 87425 12833 90269 76401 
678 12
68211 85487 17194 47386 94664 8939 33440 84236 36725 31520 14878 47622 
680 11
84648 75246 87947 96018 8996 56527 83714 37269 35769 44529 80740 
682 16
57490 47847 33000 6927 68424 90207 75338 45690 97980 3557 67458 84194 44613 88473 93357 32681 
683 20
68152 62794 79372 12114 60715 60442 42734 154 13587 96692 42069 3386 65377 53838 98625 13929 2189 54715 22835 88048 
699 19
56321 21691 94146 54313 92304 32827 67302 89322 57289 48721 49052 34845 28292 82912 7888 63799 23773 74873 2040 
701 13
31964 66096 84428 40132 34555 94979 37775 34574 23835 65458 21645 96151 6831 
704 17
32616 81961 63909 89552 41590 28811 76000 17816 47544 88835 5252 67608 28059 4039 62247 93953 70858 
709 18
22239 90257 38611 43354 89884 15424 90058 10510 24939 83770 46004 69878 56133 71607 33142 10756 93952 43329 
716 14
20469 93378 33336 33985 62225 64689 60691 54352 35637 42009 95300 95611 68385 29648 
718 14
92333 61949 10687 65318 90561 95244 7817 35644 12283 48708 81011 20800 91567 63255 
730 11
707 46399 95540 23583 26970 92925 30975 17254 84295 11620 7895 
731 10
29216 13686 16486 17039 81808 67675 81626 15307 18316 36245 
741 15
43974 2324 78868 3132 49538 12246 22625 98124 6690 51432 78307 75641 67696 28131 48182 
752 17
39254 28446 94303 93744 81483 43031 16350 70551 91548 26416 72792 12133 61302 30917 18064 55619 31700 
755 18
73883 97008 89405 61233 99920 30515 20352 30244 56940 54181 74724 38042 80879 24835 70639 71172 65423 98360 
760 13
56570 25233 30535 57198 6888 60978 79968 98391 51019 26755 11177 30015 43324 
768 20
4122 70394 10346 97807 6789 21771 91528 69135 27276 75406 13062 26487 31893 76673 81610 38947 25265 85447 27173 56776 
772 17
29431 41375 7869 96675 43662 57343 38001 48783 7136 88873 95491 34940 62213 53595 81851 76711 29680 
775 18
42350 24624 92762 51609 38090 34440 50228 33699 60471 93207 3580 9437 86356 92895 19951 37864 49603 1915 
777 11
66434 33834 5839 53501 17981 55093 65466 44133 70893 74754 8026 
792 15
38335 35732 64970 11915 73574 48672 42913 30104 66112 61433 84888 94980 59264 64989 79417 
793 10
38964 35245 56558 19685 31436 82334 33971 32085 73436 7241 
794 10
19740 81411 9991 64596 26937 19564 19230 14396 74291 94453 
796 18
51683 11127 67902 90739 64828 75401 98229 766 74751 30917 67770 26682 92666 75981 28306 67702 79494 84074 
805 13
72013 94485 44657 11921 47300 77582 97775 27115 87849 50852 75569 63022 50790 
806 13
77280 82846 43442 59283 81762 61355 91541 43249 71891 68168 93536 25022 2074 
810 12
21821 89208 82416 70281 91156 86850 34576 46231 25548 10367 85269 45355 
814 20
41032 97902 93376 54707 23036 50581 5977 36942 55991 94732 52641 75362 17022 49076 74620 63855 46466 84488 93737 84848 
825 18
62630 16387 96894 49609 44047 72176 72211 20058 9758 63729 88894 69306 78064 32974 37375 83695 19761 35649 
826 20
9190 92156 93769 97 67897 83850 22784 55719 47316 96190 37976 33548 6975 58334 53181 31097 93665 14921 67391 2354 
835 10
91543 17674 41540 37860 47344 80918 52667 50444 48122 1114 
853 18
32916 12851 28523 91403 57405 29122 13958 78235 22336 83199 56000 6295 89060 32160 35198 26715 11000 59277 
860 20
75781 15935 57249 17683 38013 92083 73643 61696 77123 55020 3974 27169 69766 69340 35691 27588 38587 92223 27050 87905 
863 19
44812 41544 11612 94489 15539 24156 99849 8847 10185 28307 82942 31792 3035 38208 12934 86277 65428 68741 10522 
867 19
49251 5990 32775 27374 71108 30583 19868 96472 30198 58967 81642 69177 4404 29362 46427 96098 60675 89569 63776 
869 11
31894 12433 43687 10610 36968 34287 47417 30939 41457 96100 40931 
870 13
40612 95293 74054 46356 48404 32743 1639 22543 76505 54552 68536 63660 17882 
881 15
10084 54207 65048 30238 25109 1724 33815 26332 41770 19708 49584 67196 83609 66933 61540 
888 13
36866 70818 85488 7870 51628 29108 3815 93790 14892 97044 45447 94921 84165 
890 11
12029 91610 15905 92050 99735 33913 52714 98750 78043 36882 11181 
896 18
73411 51615 84771 17942 10622 32544 56854 65633 27111 31190 91672 72230 43258 55381 95797 79679 11746 23617 
907 10
36274 65743 41567 38694 45218 22820 47831 94303 74734 65891 
909 20
3975 92502 87173 17502 31093 87262 33171 8163 27663 51278 75877 42366 1692 94417 89774 23621 68062 65927 24854 53707 
912 14
52102 69082 18204 23225 31883 29793 94217 45566 36362 5431 22084 10484 71580 8088 
929 10
27796 14681 24062 21096 34808 13568 95539 7767 52453 63957 
933 10
71805 59250 72706 53445 50045 21224 58008 7972 59953 31198 
939 15
8498 7442 44613 23188 10451 19943 76624 67457 33695 35371 9445 24885 96802 89910 59061 
947 19
11553 45418 93800 16033 73900 90804 33525 7650 92040 55799 8038 30959 61642 72076 8071 3390 80870 56158 46904 
949 20
8189 85625 35429 22710 96095 29480 34020 83829 44036 46937 51721 27370 70208 75318 86022 85340 16433 99103 66774 81237 
965 19
34815 94083 92841 64067 48933 8982 25266 60949 59425 66258 2703 96799 35736 11146 77830 46573 38092 83181 54433 
968 15
63163 80226 39511 11278 37351 60116 94707 74734 77021 95 52987 49458 93395 20464 15362 
969 15
11375 16352 7644 90538 3560 29407 4938 77890 94144 38137 36205 24281 51351 6800 64681 
974 20
90806 34577 2107 36841 75170 52876 52218 59834 95871 59541 50584 29246 50200 44538 81697 81788 8501 18023 5647 18860 
989 10
49599 80545 20534 57504 24957 80725 77558 34191 37938 52770 
995 10
61478 95611 73844 40241 91045 89254 40938 26812 71309 20318 
1001 12
40898 82044 38523 30393 85974 58409 46760 86459 15537 11256 6921 86976 
1007 14
84969 16711 37204 71556 27332 25899 78567 18663 48630 5299 37659 3875 7203 92284 
1030 12
29192 37138 29962 84052 32628 51881 18325 12030 92162 97602 85717 8083 
1032 16
84530 63114 88718 77244 15345 36786 80891 60482 58725 25646 97619 77358 89923 63819 85180 43760 
1043 15
98187 89126 13056 67847 91202 94317 62168 38083 44226 99308 94874 39353 99025 88442 39249 
1057 18
74506 22279 98698 32286 96000 81238 52447 30966 90073 85844 87026 6654 24469 29560 96072 51589 70660 40217 
1068 13
51243 3180 4131 71841 13243 43056 33363 54924 94162 54784 37593 82480 58139 
1070 10
59081 60827 21838 30639 7092 69810 1264 34224 29068 48880 
1092 16
59653 61238 33965 982 23667 59219 50309 26714 81673 52829 62425 88606 21791 33526 60900 88470 
1099 20
46920 85532 89199 9996 81056 74087 31062 3027 67660 1075 36492 4067 36520 45774 9047 74838 429 36238 68919 87950 
1102 10
24549 65592 61617 99827 68199 14312 102 34513 22815 75798 
1108 17
54067 74520 52410 96168 94460 35989 41915 42741 76567 67162 15072 74025 45612 30552 66781 82698 45299 
1113 13
78953 92130 71738 29243 56563 52266 5952 87168 36323 47297 51111 70689 68200 
1114 17
58127 25329 92053 10528 71175 48003 96412 27371 77241 43609 76394 99215 94381 71938 17565 72371 55471 
1133 20
67618 24559 35861 6023 48670 50898 23940 20708 80544 84375 87020 41188 22869 28103 20269 23045 4635 89093 41625 21741 
1134 20
86112 20869 98064 23150 75431 97847 23881 56435 98053 56195 58042 25465 64372 99114 4977 73491 74091 54712 92712 30164 
1171 12
91232 39755 99451 82759 15880 42725 18539 57356 43156 69204 79966 63751 
1188 12
28959 83385 72155 93526 35545 97031 72436 24333 52332 97269 82323 93460 
1189 17
97821 18505 27803 822 96492 92432 45900 4207 76647 79407 18054 95218 24042 87032 42713 15220 83259 
1218 13
59153 46997 26083 56163 62268 7074 91149 79775 56959 70810 45051 78377 27977 
1222 17
76095 78527 6691 49871 18914 77507 31943 75639 18917 66617 66597 40964 13764 45088 47746 83967 25850 
1229 14
11142 52749 60936 63469 50904 11794 79141 89893 90096 76472 42863 8896 79616 69387 
1240 11
30587 26118 62583 10329 88664 63066 40191 80148 4032 31344 4955 
1245 15
50886 42035 63633 74941 80256 59374 68284 16240 94558 74621 62266 72363 72552 10578 85855 
1248 15
66769 28717 48026 87346 58118 20148 77456 2775 56133 34379 83639 28240 84695 18824 6621 
1253 12
94396 22634 75473 42274 27617 20106 40472 92593 69475 71805 7510 72010 
1262 19
93039 89874 76659 59548 89597 99440 81930 28974 91993 52936 97293 37217 12010 60418 63823 21917 91379 4865 15082 
1265 15
12384 19613 43649 16146 72999 86827 63830 24675 23903 62157 68475 40536 6345 74434 15495 
1268 19
80268 68325 85192 6648 2779 5787 47798 99819 37784 17540 30239 97669 46618 42468 73816 21854 17914 12045 98037 
1299 11
58862 49805 84459 88480 27667 40039 87672 18239 41825 75981 16790 
1321 18
86057 65200 33092 36937 51917 77875 49394 87344 93031 55484 63512 64958 24483 78953 30499 26460 88593 34272 
1335 11
56602 458 47584 75631 76411 21799 37741 20930 45163 69886 99689 
1346 16
75123 42378 5420 99317 57302 30730 54945 68177 59305 71997 78001 9189 21815 45442 82825 97188 
1347 17
98140 7094 27208 34578 5755 82341 91136 89330 75457 18145 81931 40508 16671 82119 72872 36295 94280 
1390 18
36942 16117 42695 77440 52498 54901 21207 73468 93172 10923 34984 27045 35068 64952 16486 91844 77629 44031 
1399 20
82535 14498 53040 85152 59639 10558 7660 38609 9121 46915 4123 21927 54174 58834 87364 37143 84895 17428 68936 24787 
1409 13
73357 51100 5119 7759 46713 99481 42432 36161 19884 42138 41647 49929 44137 
1410 20
99046 7350 77058 1401 94547 14223 57676 83477 22183 93692 45347 77375 85034 53030 87020 28390 68836 83842 51431 91680 
1427 11
86916 75006 8827 16915 87619 7576 40047 98986 56741 36020 82504 
1429 15
23169 3421 75018 81769 58104 42561 24440 39346 72743 97642 13596 71970 73362 10909 71251 
1447 13
38731 74882 82165 53271 59784 53936 12837 17599 23934 60794 3872 61969 80224 
1448 14
88725 61385 97191 91418 92889 95566 89811 88507 14370 45990 53233 52876 45379 46160 
1453 20
15385 1339 17714 49749 22832 28208 24651 54983 70749 12015 39332 51412 56190 25123 61255 74243 59341 68226 66733 38811 
1467 20
87808 19561 36960 57733 13654 21414 58250 14235 95398 37446 27577 68974 18448 48893 77946 49195 76964 79717 97590 57443 
1468 10
54279 99868 61953 10708 61095 82582 89902 34715 57976 80456 
1471 13
54957 4709 83476 45616 40003 64877 95404 42076 64178 4540 39108 97311 903 
1529 19
41879 87517 25606 41228 72008 51543 42523 38199 77662 65288 6554 34145 4901 87482 53440 9994 12962 79966 41270 
1530 14
65988 43215 26468 44736 68494 86278 76946 56371 24878 16446 85278 93707 43963 78511 
1552 14
3850 5489 94551 12260 67080 38339 31214 71402 40008 83033 66624 17 87950 55166 
1556 19
67871 10303 91670 82565 74855 26954 39198 70486 94060 16757 30508 31645 53033 27036 18307 6231 19297 40897 99500 
1572 13
98344 26880 76972 630 58217 28744 86858 6304 64487 63216 90277 28837 97490 
1578 11
3606 46204 38119 43432 29825 96100 56337 12411 88518 10664 52312 
1579 16
611 39878 40009 93672 96928 59515 68764 5971 30629 29930 37612 34295 86624 73818 49895 99489 
1611 11
90237 55924 26220 17986 84303 78482 96197 60915 4652 81807 17776 
1617 15
47934 93865 2333 19774 91056 29324 90550 28758 3912 29606 91605 77589 26184 70432 59984 
1641 12
19517 35014 80806 65620 5490 74388 3636 78986 86442 29409 84082 44294 
1644 17
70123 76721 76148 32595 64380 49005 24855 14592 27480 86030 24435 44395 33512 86854 76973 97992 73917 
1655 18
70636 98842 58102 40144 64572 90686 78496 17342 86373 63612 4900 51861 43189 11692 93011 65521 91391 65083 
1660 16
88111 68377 82605 6441 36536 83841 81768 963 20442 95310 48787 59148 41453 73029 98918 16564 
1663 20
22111 92401 6592 52248 42476 22624 74074 84923 19574 64107 69375 21139 95263 25155 90692 38622 89871 60493 40011 5536 
1695 11
94431 29069 4181 77220 52863 39718 79435 73996 24656 39099 95516 
1708 19
85474 73555 45679 13969 67395 30200 93112 30138 5363 16336 63266 47750 55210 97263 79508 7109 30026 42746 35718 
1718 11
17970 13814 42964 58366 94375 9359 45643 42103 85133 7862 85085 
1727 16
13524 78421 55458 51771 20972 54561 85894 55272 65855 5512 61017 46785 7894 43486 24627 13730 
1741 17
31077 39522 21942 39766 73609 46135 86505 60654 55619 98859 37112 67248 13869 34751 65849 34417 70343 
1751 20
82455 18610 54011 25177 85976 76085 13126 5504 59370 1225 3221 530 51072 98930 23485 45212 77078 75106 10173 38477 
1757 10
86689 58879 11575 14381 83612 67728 86288 48197 3810 88265 
1758 13
50587 68532 84896 21867 59903 12772 30976 90146 33065 77826 97776 62486 58508 
1760 10
5901 46805 28953 22422 49620 40929 58487 82880 14830 39132 
1765 15
79709 90941 39292 8683 33898 15151 93856 16994 12637 70233 46022 51951 46481 40949 72258 
1803 20
90642 39287 11354 99959 60834 66257 88812 65450 49557 20220 6187 99296 55820 4666 30171 29714 40407 4746 74092 15430 
1825 10
92287 63567 11044 26896 45181 91331 33927 12285 57716 51492 
1830 16
38070 26905 36071 5094 84167 99555 11233 23345 20012 19379 35453 67032 87850 49157 11193 36419 
1832 12
71081 54919 51621 49569 81307 53966 58927 67042 74805 36854 41027 91698 
1852 16
36533 67604 74557 67460 19870 63565 43058 22047 50154 10295 32377 76572 78835 453 1725 38585 
1890 12
4412 6167 78729 15582 81549 28741 43894 62462 21197 78984 23571 38827 
1905 15
34540 5214 94174 31073 6365 39096 31412 33696 69789 90579 42113 31564 65062 88002 23928 
1916 10
87238 17740 36988 22030 38157 64083 51752 91707 67768 63665 
1917 10
51209 30149 38740 97685 97204 8400 5726 41484 79056 30845 
1948 16
21221 62011 51547 44912 55184 90682 87494 44627 14595 80843 85158 39560 99273 27621 47299 21302 
1956 12
78698 90219 28918 91559 43173 73465 9025 92604 58947 24559 29976 62435 
1958 12
55623 30599 56930 11340 67480 10476 68944 47326 25806 57066 17895 6851 
1982 15
52438 84818 29932 81338 32294 361 91896 96759 16936 25876 78579 94342 12602 87622 31774 
2013 19
31217 58155 64668 23008 79480 53835 16225 22440 71968 9792 92691 41015 51244 95549 65444 25257 51428 44499 64823 
2029 14
85428 55556 38353 95464 80739 32307 27393 86401 99817 90465 72764 21685 67246 24356 
2037 12
70589 50694 17353 11349 35709 84588 59677 35150 73499 56896 41347 87759 
2047 19
37522 85450 94556 19298 28650 75223 10296 80520 75276 16869 5708 81296 44463 29083 7932 31450 65400 16253 956 
2053 16
27665 18226 34484 18204 64644 71679 9442 52739 77671 61326 81847 67827 55441 55402 920 7246 
2062 13
87846 36758 98370 86551 94222 96885 22705 63768 77810 24338 67521 95794 16718 
2072 16
8987 53302 41648 23551 3230 26564 15131 68843 51546 50263 6886 4766 4620 71812 24901 70829 
2075 19
18433 50393 49072 4859 70852 1448 87118 38228 24782 39111 39879 41424 69430 92693 84055 86288 18122 68423 99139 
2114 15
61073 55529 80922 12604 86476 73809 97640 50480 14910 46622 88984 49784 83510 40958 16998 
2122 17
96159 50560 74287 77973 12970 20436 71793 94700 2357 1111 81596 38982 20433 18880 27835 38712 13304 
2127 19
29851 58409 51072 24264 99788 101 99260 53221 61867 35682 37197 15442 64279 32759 93557 76325 56781 82650 26695 
2133 19
79336 74358 17531 72393 33028 31861 59925 68269 7723 84982 75835 69866 57028 39353 7945 51902 83293 18093 39173 
2149 18
74456 73286 97183 76421 91273 17907 89363 24470 53852 23846 23306 2948 63993 21250 81184 57013 26575 51960 
2166 11
57078 19898 40136 62613 64805 90335 26738 28339 80786 8926 6135 
2177 18
8328 55049 30923 11461 31104 65697 66445 25679 87213 64068 68404 8483 74391 39013 25795 85483 48816 72534 
2187 15
64298 58501 99474 81748 74771 94012 90785 29389 24285 71719 50471 36303 58897 37181 33483 
2216 15
47008 38387 20608 40751 87901 27657 21268 77041 43240 68745 46499 74044 55253 21043 59547 
2248 14
93371 54765 11344 75933 68710 97468 80591 63608 67274 61552 25893 38040 95966 99131 
2257 11
53545 92596 49709 26567 35380 97877 83071 8041 44184 24086 37279 
2262 12
37490 22922 35156 90974 27852 50101 60734 67111 47743 12174 63783 77149 
2267 11
39250 45791 36803 81279 23663 69389 41280 98789 80599 64070 14700 
2282 15
33262 7107 24895 89228 54196 38213 7644 89602 49442 29493 60089 74375 23355 7955 31752 
2329 12
26570 29778 15360 22363 61537 66853 32615 63990 39794 19110 41841 40712 
2343 11
49342 51385 5565 85065 10077 74846 52409 31017 61839 46888 99093 
2352 13
16931 28360 43005 47502 10902 40023 13472 52629 81768 15656 72588 73633 69567 
2357 11
72387 99782 74137 53745 1254 25256 10432 21929 80043 746 67357 
2363 18
35558 67232 33547 31425 6707 94215 77730 95226 49595 62657 16475 24239 42116 44625 71787 69099 82832 26873 
2364 14
16137 80280 76841 7771 20065 60885 7956 70594 48163 39597 25067 8234 79560 76253 
2374 13
88471 96330 83181 24038 80726 38719 92668 76703 93483 81997 18581 24320 47941 
2383 20
56401 32182 49004 59468 10962 26122 56433 66935 4339 28930 63233 71921 38361 9842 91546 63388 41218 26969 80222 31334 
2394 19
34607 36193 29201 9796 95029 63799 6758 40639 43263 73569 36757 12871 83514 25967 1998 96142 20575 47576 94214 
2420 16
54207 514 83141 36363 947 23039 12151 25735 8959 19240 26002 77362 60394 36974 2065 43244 
2449 10
39860 22069 11658 12596 7517 55436 44782 36026 61567 52197 
2453 13
74740 38314 14007 57985 28070 48951 90580 60801 59745 3961 24685 60994 85373 
2470 12
63724 1465 39710 41697 55965 41551 56202 76510 90674 17111 84926 1537 
2482 15
40243 57642 20178 88402 32882 28954 26363 86882 66902 36056 66188 68825 5298 32212 98838 
2487 10
53847 5687 12881 12887 55577 76371 89019 22055 24201 85726 
2491 15
25823 45236 18504 26953 42649 62054 46832 51344 51438 56324 58828 70314 80955 48119 41415 
2502 11
66396 98914 84583 25434 51195 36563 75956 57797 20975 28624 49686 
2509 10
15991 42915 72907 99990 63796 2006 16645 17423 14228 44888 
2513 17
62053 98210 87280 88742 786 83147 30935 30745 46621 49393 45543 25263 65726 76844 33268 8024 78702 
2514 20
96852 3575 60439 41775 88402 4266 47355 61451 45178 22132 87400 71331 10028 75230 49575 50825 9548 9566 78308 197 
2568 17
12979 57187 58658 89532 26394 85838 38739 55256 50649 80696 50952 61362 95538 8158 40182 15699 51506 
2601 10
51449 84597 35157 4980 82448 60854 63535 7119 84148 31094 
2610 20
25060 89240 65479 74761 7820 71113 49113 48745 4174 53356 66708 30494 61304 77032 10458 11071 1382 48043 39325 52297 
2615 16
73981 84208 55184 54528 2873 73754 22914 46624 67418 1184 63835 43099 52096 55463 20752 72624 
2617 16
75439 17281 46241 10352 83565 46798 12479 11167 31381 99451 2874 17475 15414 96935 93149 81492 
2640 10
9111 98431 12777 48514 81426 12632 64665 37323 43158 40635 
2660 13
60577 8267 45460 40431 87160 62084 95016 58115 68339 8880 43402 36716 82920 
2674 12
73280 75515 35773 1459 14283 46453 10400 20642 81955 93114 96475 1760 
2700 10
98285 35481 12918 6160 25033 84961 6407 99999 4844 62129 
2707 18
48661 68908 44781 89202 21734 92654 30255 4359 93375 41105 60038 76554 66057 30786 62396 40892 68190 39309 
2719 10
86456 65995 41462 30531 56075 84827 48732 2591 74081 94509 
2739 14
72776 3985 86020 92908 52179 46489 78156 29471 12595 32389 6201 81954 23931 65568 
2752 14
48863 9004 7666 72096 42004 17569 35519 17011 14001 1151 87812 60704 22563 30093 
2772 17
63459 80579 63716 79482 47102 40087 64333 55140 91272 12777 38776 58907 55556 5827 1530 89320 53930 
2796 17
68496 39193 4420 5130 86482 69479 4805 11926 45465 87416 45775 10206 27657 34641 73820 43611 55660 
2812 14
33846 72297 73608 106 19596 858 45058 84392 38536 7946 78186 1316 85895 26076 
2823 17
41995 51273 92666 63927 90215 17930 3429 17699 64989 71511 43932 19485 2452 97841 28197 29403 96260 
2850 13
55044 75644 74506 53946 27881 68714 42438 43841 14739 73507 86508 49715 46336 
2857 15
81783 26699 93616 20673 40254 71060 60070 3452 42064 30128 42938 93671 90635 86628 61689 
2862 16
75116 62920 54580 25384 11420 63325 57759 79381 96403 30488 88298 53649 70959 30823 9041 38085 
2892 19
30672 85247 51425 74543 10531 50451 20815 55996 4658 56667 20135 15090 26190 72634 37513 53745 51820 9474 69949 
2899 19
97510 73507 28443 37429 73422 44661 64415 43619 68108 89161 23790 7636 66185 2976 97387 33647 78020 76929 22960 
2917 15
54745 48596 64172 70609 53970 77885 934 52177 69227 8549 3522 34587 74857 40286 42704 
2939 19
60020 38351 34818 48044 21792 49061 58811 71221 86735 92297 94255 45175 20079 15294 43139 44832 83578 82135 11719 
2956 15
56253 56011 14820 19057 38632 8871 73144 15794 98193 64681 12641 9742 20499 97294 61129 
2958 12
52239 31599 21083 9776 51561 71410 62190 30953 35194 64150 20331 47496 
2998 19
42006 16572 26729 12141 3616 87616 13822 31009 54540 14986 88364 95424 26160 94677 71448 59790 1070 41318 31381 
3010 13
18798 74400 92637 84358 14804 32005 64683 94786 91177 8844 35918 7269 1375 
3065 15
36925 57986 57679 13897 46943 61023 78668 57157 88681 9538 67243 54699 72236 27791 18806 
3074 20
92498 21746 1016 63173 45069 37009 61127 75486 24574 15175 32454 40967 72959 28384 26264 81360 88267 82820 88537 61306 
3079 10
90319 75515 843 87578 6397 62528 4345 26527 32433 63263 
3080 15
87054 69934 20809 6733 31796 3671 54164 17256 81404 40481 74341 1883 31977 64673 78611 
3095 18
28727 92447 67759 37966 67831 2562 54584 64384 64413 34949 99916 21383 50922 94518 62472 262 4327 96561 
3157 13
3416 67378 1214 86304 53283 38618 66147 96450 17760 21141 21357 23316 89843 
3168 13
48903 68294 46645 20526 60984 11196 44860 6522 72436 12102 67307 76902 13995 
3185 19
87182 26586 44564 55901 93039 50910 29793 52478 71160 22276 84 37546 54824 57456 68256 62089 4309 52155 4197 
3199 13
39943 55105 68187 30461 2875 50556 34905 52228 47618 98845 88395 11593 31616 
3204 18
27379 90596 1557 72901 80223 50599 31727 18318 73931 19656 24222 77101 5345 38322 89802 51307 50962 26784 
3217 15
80936 14924 98842 56895 88011 80684 87615 29533 62982 49796 70021 66222 3759 94165 62831 
3225 18
98940 32897 99259 36943 2431 29825 33064 61157 4106 4166 37916 55897 96745 23857 92092 25660 20731 47122 
3235 11
56469 2687 50559 92748 15602 49620 53556 59134 1888 73072 43831 
3238 10
27737 43758 35781 63831 26309 33250 29526 23275 66840 34742 
3253 15
2215 89321 49955 72398 78447 7439 12058 48906 20922 40567 3449 39019 38384 92325 6077 
3272 11
76784 74389 15559 601 25136 90433 58213 97935 43456 23647 85894 
3308 16
40602 69603 70877 52963 40797 39250 11528 1060 26266 35328 57059 67861 89088 85613 25668 33063 
3317 19
58310 22470 6751 11431 18812 20292 93982 83362 9188 43805 41538 51045 61010 98376 66753 70348 93895 39418 88061 
3354 10
41159 91215 65762 82948 684 12463 35278 34427 58495 94438 
3378 14
55307 87002 53311 22092 62647 28485 3654 57628 69945 47958 96466 86986 83590 97709 
3417 18
28846 37647 41078 54203 37976 2976 19980 82614 17452 1103 3344 88451 54698 91521 48692 96531 36526 39938 
3448 13
66126 27118 34631 95215 33918 71862 58634 37091 66163 23298 87585 40500 83117 
3458 16
59328 20171 16762 99939 16608 67544 45556 62569 62308 18643 12812 36573 92455 74455 62946 11325 
3471 13
51694 87806 14281 66454 22783 38848 79399 46377 60022 48694 29700 26030 76544 
3522 14
21066 45853 65588 68371 15283 10725 20048 28948 22756 16493 6592 82905 19979 62043 
3536 11
7099 2153 84469 91468 94519 78188 26612 63716 25393 30838 82930 
3563 15
85641 81911 49711 81304 27597 35721 73155 35174 5529 87316 62942 19687 44409 17780 6613 
3594 17
78766 72925 47227 54098 75880 13401 27634 80615 23853 97717 82108 23755 19150 67752 9770 96530 46494 
3656 12
30157 12157 52688 19812 46682 9840 63806 64756 77997 37960 97984 53400 
3738 10
69821 71841 53900 7563 92805 36649 81904 11106 3088 10148 
3791 15
61984 86576 52820 90794 59721 40088 9819 34366 24097 23402 91840 31939 84014 80437 97158 
3872 10
79822 97623 1553 802 14823 22220 30794 44418 5104 99775 
3889 17
75888 89443 35015 44863 96883 35563 46887 3376 75642 62618 89650 89230 89417 88838 52778 57568 26768 
3896 12
82914 56207 75937 78441 91455 33554 23910 35343 9351 35868 4590 50426 
3914 10
45795 57159 23332 90764 28157 82099 7014 72910 96649 1176 
3932 14
76902 64017 35609 77422 70752 80363 50601 40438 29211 82149 2929 49927 56522 59960 
3978 19
95845 64383 8031 81877 30858 37725 79777 16469 92462 38070 63814 97688 23535 83202 22060 14252 16539 64152 34379 
4005 19
28436 17846 17722 65563 1828 86819 74340 71579 50223 21799 10721 48175 70546 53431 26570 5108 76007 54756 1005 
4017 19
64104 30239 27003 93255 17484 99595 46876 43821 58650 77031 22413 52485 96988 94289 18413 56964 47448 19165 77470 
4023 13
23392 58857 92409 1694 89351 18400 15581 37843 40094 81119 90231 72285 65035 
4027 19
36872 97507 78354 94515 69730 24809 2924 87461 95118 49250 63754 92849 74726 3280 50290 28753 56847 36907 71401 
4038 13
46822 52765 49080 81515 42005 55901 75852 28298 42184 8676 53368 46611 95365 
4059 10
86716 23918 19054 62569 95569 36425 3166 88056 50230 12229 
4088 19
32152 75991 16812 83481 10782 30218 42689 43684 44950 72538 26006 92967 8397 73323 80579 8920 86814 99266 38110 
4143 14
2062 12456 91420 5300 38816 18537 79122 23007 13407 87534 23153 9622 34369 3516 
4145 20
27858 94869 74678 582 46297 85829 17872 63541 92108 17431 97083 42562 31357 15333 40349 47120 74187 41819 70297 81685 
4158 11
65360 37593 68271 95770 67108 74918 21921 20104 14467 77501 80493 
4166 13
2875 76300 30910 7037 87852 54322 32465 528 52657 855 30460 80654 69496 
4167 14
18217 35325 94237 6949 47480 6151 14576 69403 13012 22699 25476 13684 66048 31950 
4207 20
34746 73208 55892 7401 47688 20916 93640 55547 19589 31328 67657 43579 74505 20689 3687 84791 48940 16671 38254 53111 
4224 11
89772 58008 14814 20099 69972 34522 89486 11255 89644 38970 38086 
4225 14
93926 89175 7408 49287 49119 27644 29965 14564 24709 43660 29020 28448 89472 52357 
4230 18
9546 83834 45502 69836 40266 20083 22731 29656 80968 62121 95499 48063 4715 72097 36250 56626 40950 43706 
4239 19
56899 82755 96547 72470 72788 41561 38862 66500 73663 64173 95436 27459 30504 8835 14163 11778 65491 83856 54302 
4275 20
32042 47970 99148 93416 70417 2809 80800 4338 60857 98905 92110 21220 86342 71821 46631 63686 95189 39744 80892 86091 
4277 17
93834 15890 88908 87780 46843 34590 59812 76239 50526 21120 43436 41002 43504 1840 76576 5683 99806 
4283 17
45452 33197 17633 47990 11630 60156 52342 79348 1124 81962 54344 45807 93992 43802 86165 70550 62596 
4319 12
64662 61789 92950 31577 67521 83203 49885 88250 7365 5288 24612 28815 
4320 20
42132 17619 48582 62707 64836 77437 830 22018 18150 20351 72292 89483 23979 1680 6675 33109 38599 61953 69719 15289 
4340 10
76662 85557 70133 28585 23713 77230 37518 23084 4100 89191 
4354 15
26373 26724 2456 72647 80772 70680 17754 90344 55632 2569 9109 5102 33274 92261 19844 
4390 16
75929 76794 26595 7512 55067 10590 4346 2308 63798 61569 86194 57448 46225 62071 86684 76453 
4415 15
89510 12409 38095 3660 60771 26454 72021 33707 93816 92107 4833 12853 38009 61718 18084 
4467 19
32107 14683 54058 90578 20069 73321 48951 68795 6777 34660 43128 42188 52052 33685 71827 37995 36828 42930 37723 
4547 14
76281 45903 62034 4094 9894 21872 33867 55287 37641 37047 37090 52501 7516 82559 
4548 10
46024 24526 56883 87644 80350 68121 99480 40577 48506 20878 
4554 14
77214 11512 8078 67940 16029 15049 81379 35882 67029 6415 56870 92111 44023 64665 
4597 15
25543 86510 54114 34559 17795 68984 97711 83292 37018 52192 8094 8478 77859 22343 19129 
4650 18
95382 89790 69397 75607 73658 93797 53055 12493 88752 55351 860 56413 43527 84968 97379 68086 16605 74458 
4659 17
60408 55356 10921 94042 85146 58150 30124 55800 94919 34091 15281 39448 17914 82068 39110 44016 79801 
4701 16
87029 62123 82879 23997 93762 23769 68814 6552 9747 65840 83383 16350 65326 49682 68744 68487 
4718 16
59091 81914 89123 59524 60111 60546 2682 87945 35082 6348 82377 64054 7340 39645 57634 83680 
4721 13
94724 10285 74188 25243 67370 42499 66665 62814 41654 89004 66459 68729 82730 
4733 13
70198 96083 96822 88175 1952 47422 35775 9902 53495 77531 25003 47574 86421 
4755 10
91902 77049 18564 24113 85190 23697 33801 29933 49419 26278 
4764 17
93416 35274 80095 26891 6355 21886 11789 38139 84804 29931 65162 69021 15159 16044 26796 31258 43111 
4818 16
14341 1357 46443 77117 38860 59787 12670 23039 81206 61078 46047 98938 51633 50572 78763 96916 
4843 17
45034 8236 27879 27682 36207 77873 80749 59501 65006 8036 16469 98587 34477 83987 25369 98655 33916 
4846 16
67179 23722 29157 50302 51645 85369 45280 38934 85239 17250 16603 55280 44875 11560 39056 18169 
4867 10
4428 22178 64578 53427 14264 80755 97677 24092 27853 88891 
4883 18
50977 5521 50646 89809 95446 45736 4236 76854 52215 72340 97689 7687 6218 65990 44064 1183 53038 45225 
4952 14
36653 44148 80295 96565 18107 8122 79930 28484 62806 87872 53428 72991 47105 54415 
4953 10
32134 35799 67874 55370 34441 29864 94086 19361 850 28393 
4957 19
70121 52615 5811 55753 72551 41314 29450 48102 55570 56295 5946 61827 14449 90206 62118 43873 68061 83786 55524 
5003 10
29901 64002 31104 80586 25332 17526 22741 83186 76284 97303 
5056 16
34934 95812 91035 12411 4372 57965 74787 72276 53017 33607 99547 96227 55288 9351 37115 30298 
5088 11
71470 92961 1326 16112 22085 26890 50196 17693 61135 71975 59896 
5111 17
80048 47676 13660 73111 24228 34937 40015 40096 10991 89090 2597 79799 34854 64271 64133 84211 21588 
5131 17
96850 87108 43915 15156 41011 59312 33555 93900 67231 53810 40006 8928 65237 20666 40756 88874 79650 
5132 10
94147 25338 44345 42857 60610 99999 70823 75137 83558 94564 
5214 15
55110 61701 46919 64575 14659 86571 13490 40998 6455 59734 1398 82635 1811 22728 76337 
5236 13
8975 35627 95419 45153 34141 2666 72222 21665 90988 96971 69087 85491 85250 
5253 16
99376 57109 34580 73072 85784 78115 64201 76325 99430 62612 61696 57400 77442 73675 36834 79894 
5256 16
52837 74596 64108 51452 65280 38327 18293 67497 13971 53007 1216 59047 34258 83844 52933 4263 
5295 15
97291 71522 24416 11764 97803 60109 7110 53634 13182 89285 76427 79862 70975 9196 22040 
5296 14
17608 80479 95535 82929 71067 66010 69936 49859 71375 11169 55447 51509 46599 13612 
5336 16
49311 60234 7114 65241 96395 61010 97919 61570 44464 87135 52404 27070 85711 99743 83285 83420 
5362 20
57556 14970 23195 28486 49168 30776 23818 1000 35837 19954 72462 66016 69320 92651 73846 42441 80770 75159 99536 57166 
5398 20
820 51361 69922 12642 39822 10430 65759 93715 66277 4717 87422 28739 90563 72619 42182 72042 26948 32884 76730 45392 
5484 16
72129 66854 34213 27715 50882 97383 57344 30386 65001 59674 43379 41165 13019 22448 34300 37417 
5530 20
70492 28038 59019 71384 81028 8809 19170 1436 78721 3036 76723 6221 95967 51062 59366 38569 36305 94165 15173 81846 
5556 10
24121 17756 73010 97982 42166 49761 19200 72243 3847 84770 
5562 12
50954 5013 18989 60303 93436 38106 96412 18261 85205 99241 33227 1697 
5565 19
72878 3209 68023 70688 77462 29798 66873 48934 4315 70730 91866 64592 51182 5639 39586 95217 14332 56005 79310 
5605 11
87745 92018 68037 2959 37006 11310 42883 98225 51132 69394 15177 
5612 11
68163 37504 51672 11437 88547 92374 90616 41331 24363 47520 96278 
5732 13
4140 31608 98788 82055 62027 60063 49875 62737 66115 69374 40102 97533 43440 
5740 17
33271 20081 60241 25400 72032 97658 2704 5259 58634 76978 28223 66368 87176 13430 96584 89731 55359 
5762 18
36852 34053 48595 40740 92593 86526 72097 60792 40705 35867 95884 72092 59284 99799 10865 18910 91385 45505 
5775 11
76821 59752 51870 84991 43031 83109 5903 20764 30060 7652 93885 
5838 16
68219 3461 29413 23035 82624 63526 8194 39047 49928 51816 39008 4545 756 90956 73387 30093 
5888 13
363 70538 82769 99563 79012 94808 27297 60794 9853 79815 86405 37781 98551 
5907 16
94829 57638 86553 14760 8164 8334 42866 33387 73383 44730 37812 99556 23860 96248 4250 67432 
5923 15
55494 96028 64774 3603 8923 1893 18592 48869 43549 26252 20781 37799 61081 61145 57523 
5968 11
15547 19106 92878 17157 34276 45326 53808 24225 25980 52656 72515 
5985 11
8006 82078 68441 86207 82484 74936 6666 88251 89686 82482 99431 
5999 14
75402 33623 96427 69509 10128 21000 41739 11566 50054 42056 89070 75664 70701 59137 
6005 17
20366 87709 37224 54586 31066 86058 1867 52868 52646 97415 43125 28050 95655 6494 69155 53334 39630 
6044 12
12771 52716 98330 33553 30727 74608 10760 88034 4736 38429 1283 203 
6046 19
29604 8047 26210 34960 34321 44676 79104 58594 75440 54919 10235 36713 25098 172 3068 35231 57055 61078 6016 
6102 14
5867 56737 69106 83902 28951 66375 86205 18204 64130 58903 10883 46202 73650 69957 
6191 10
60014 48611 60750 41304 84908 8483 44352 89568 55509 34560 
6209 18
23915 74403 4248 56753 73196 50002 60849 94080 42256 83615 65669 4689 31357 53650 98836 4664 55237 82572 
6237 15
14727 50591 57855 85750 65844 91042 99963 35897 47326 11327 96515 39697 59450 44804 10342 
6246 11
72842 49176 28024 77570 12292 52410 33834 47975 9343 68475 35090 
6261 14
47403 77999 28062 53607 5086 27938 30460 57583 71110 3229 80408 47525 12086 99554 
6295 15
66724 71587 26926 52715 57558 93380 6587 75351 20788 12184 57469 17863 77877 56171 22013 
6308 18
38732 16608 14582 11425 77109 47154 66270 56498 25966 4782 68990 859 53832 45244 11093 62336 36656 2258 
6378 12
49726 36286 77298 42644 63749 85709 2759 25257 73365 11653 97554 50575 
6388 10
14052 6068 57679 21305 27325 25759 33785 70658 78503 35798 
6409 16
6061 9160 25469 36878 67297 51245 11627 6406 39456 28494 30185 98997 76413 7006 40316 57875 
6415 20
45241 79347 8754 42168 66346 39130 9876 17518 25791 58728 38610 21483 15102 32032 63966 49625 49995 20339 38967 64226 
6426 20
1463 88190 37113 49008 62333 80749 32613 90695 10431 27608 69431 30558 32085 82137 96436 24680 41910 26172 88116 97632 
6483 14
14354 24836 22206 32768 18308 14052 55199 98559 58547 83101 96630 26819 57804 89030 
6507 14
69063 90562 50741 31532 60647 74649 12388 2154 58879 43999 52437 94966 55127 41115 
6581 11
75126 91486 34490 36828 1403 4779 34635 49811 87351 50911 10189 
6605 11
53396 51053 28095 82721 26103 42447 35757 36971 29446 75986 50051 
6708 18
3164 68926 1616 46731 65529 4332 13767 33847 82656 77942 49812 41018 86005 25097 51954 37840 74189 60358 
6744 10
53932 38525 38693 53294 38954 17170 49499 22576 49905 39587 
6790 16
35826 73490 95853 91443 75950 44329 72009 92913 5092 35361 85552 64081 46725 19405 31676 83162 
6797 15
89882 56434 18725 21986 43085 88528 40587 94660 40722 24163 45975 10669 69632 159 62351 
6849 13
85425 52090 10753 71111 33926 24794 68657 80991 39874 64503 5558 60755 70948 
6902 11
71819 12745 97707 43924 55892 89815 73429 96365 87326 2063 66272 
6908 10
10183 73471 62457 27705 34065 63169 22853 61145 73523 50819 
6919 13
56802 71543 19046 21141 30857 910 66453 79403 35820 75196 60227 82611 91098 
6926 15
50721 34218 19808 36604 41104 9965 52603 18825 34065 70687 12051 37760 5945 39526 20720 
7013 14
67787 21747 16940 30790 16594 36084 97797 52400 2619 58887 65760 55639 28612 45430 
7027 11
32392 88187 97498 86722 2361 72442 27932 54125 48121 88230 2955 
7038 17
3068 87874 61179 45102 80352 34793 95361 74706 19777 70019 22970 64379 16268 1508 11272 99644 43484 
7092 20
36653 93133 63378 42777 51913 23563 47563 98147 63367 36091 24410 40561 43485 78613 70064 34427 42356 94096 87291 33861 
7116 12
50702 11324 40713 84399 54899 37427 92985 5834 84858 33056 38674 48892 
7134 14
57993 83267 62858 74853 41536 47447 88554 91294 32825 30684 37866 24421 7647 67441 
7146 15
61112 55085 94395 8886 3953 85538 73570 76822 54674 71989 11541 33624 97985 86624 76139 
7173 18
99739 48093 80374 50199 8986 4461 51287 56419 668 59334 61890 16765 35610 83147 67600 15122 45957 24620 
7208 14
39000 67931 31266 40837 90563 96659 77026 73662 66913 67399 18545 44756 83430 7096 
7211 18
43799 56682 63959 78763 73036 72315 41440 4023 28739 6063 16868 71858 8612 57789 60117 53716 32851 91153 
7236 18
76832 89373 17391 34876 34620 1678 99876 67429 47369 31502 92724 6848 65127 15578 66653 90221 22231 83352 
7255 14
71627 19567 47217 66332 69826 10424 35133 93530 30875 51415 22261 88676 84564 60964 
7321 20
29943 14449 96724 46181 3876 62345 73703 1842 28805 99333 13290 91030 65472 40097 792 83185 15661 87815 5179 82970 
7328 17
4282 56233 37834 54463 5739 30685 50814 62207 9263 77539 59635 62512 21600 93353 65090 9161 77324 
7369 18
72573 69786 67722 71883 36646 42820 88158 55735 50362 67034 5443 18242 74529 84582 98638 35014 66775 44936 
7384 16
68034 88240 62313 56319 31705 56831 87360 13395 72666 32486 12128 95648 81332 22345 24652 82847 
7405 10
14529 20897 83199 78381 23160 61707 66578 55897 32210 72342 
7416 20
35747 65077 64444 60220 98612 26074 22780 69510 88622 7481 651 29535 54922 30947 49827 15806 39798 98283 89393 8933 
7427 14
80889 37845 76202 47373 59608 25083 60112 38972 96720 51382 15578 93920 73781 68881 
7430 13
83401 75144 42915 41462 67476 20307 98391 10988 94989 11795 36456 69945 60895 
7448 17
71722 13613 43561 51398 60299 61332 688 10205 74924 81538 87961 56963 8036 32091 91450 8312 76218 
7465 20
83690 7105 97510 78301 18598 85514 73454 11794 47497 1415 47669 89671 80338 46289 8736 48741 65252 30016 90797 97822 
7478 13
26481 88588 59972 47714 96005 49601 63201 75711 60512 71775 93328 80097 15090 
7480 13
30997 25908 68214 11450 72370 53790 89940 49763 59380 33928 51185 7129 12788 
7487 10
13594 4991 56872 21882 17619 81205 6180 3486 3233 8540 
7525 18
90166 88013 45561 97017 45917 29807 25477 69856 52997 26753 42512 47337 54004 39591 97906 98220 15870 86673 
7605 16
88588 21229 11639 99286 48801 40651 17244 38690 47949 73966 12485 10120 73826 60271 99405 50581 
7608 17
20488 44059 80796 41740 53447 25640 69553 52203 41725 25200 15482 87736 24036 91533 69723 52173 75706 
7624 12
83452 6321 660 27731 48802 49741 36908 40917 45974 67049 90492 74820 
7666 19
67198 62577 83744 72848 6528 59732 74893 23158 4587 71368 7657 12676 64442 57985 43543 10829 69744 35764 21917 
7692 13
737 598 12953 9258 97900 3709 69814 75830 65003 43090 62268 32481 23223 
7752 18
26628 39290 47617 33804 10399 35443 4406 5055 5070 62161 96246 81003 29161 84178 79946 58271 42856 26310 
7812 11
51987 26753 77163 57160 3965 41980 42262 13985 92004 97273 32931 
7886 12
28302 49035 69964 10279 73978 67073 32505 86646 68429 69086 92650 60473 
7891 15
83099 66737 57205 33010 75180 67803 41779 43999 60282 76030 99078 41438 59913 35030 88894 
7917 20
24597 35311 54677 32556 30818 30828 15097 99558 87359 48777 390 43116 21461 5922 14609 816 17776 67168 90294 26874 
7936 13
53025 97598 42557 35357 35317 93836 88062 74355 856 59000 74339 61213 3457 
7938 17
58252 8861 91861 48540 70697 31559 66329 60873 84520 11659 60125 10721 95008 18653 22769 79245 19572 
8008 18
38386 78634 61943 93520 69813 86370 23597 69382 37017 33914 35381 3839 50829 78600 47538 18070 765 71377 
8048 12
19855 82660 9091 45659 32924 12595 96391 1707 61875 15120 2104 54090 
8074 12
25865 14759 99324 33718 19611 3207 45120 56874 29887 80333 4832 2383 
8079 16
12234 7197 82065 21614 61137 78175 41092 81894 88329 8205 40346 42415 18718 78690 14251 35705 
8085 16
4954 19725 79086 58823 24745 97376 75703 55989 66731 31991 92916 87050 98690 21077 81805 75493 
8094 20
1500 93440 94704 60545 44179 71006 81479 78683 30386 78843 35485 11852 49193 45377 73942 1374 20842 98112 23067 34473 
8137 14
57208 4070 23685 50711 93445 17341 45335 17619 61271 56364 376 99971 79951 92511 
8143 14
7031 46500 79441 45400 33076 25798 54130 31231 75709 87877 64645 97909 29706 7076 
8208 14
4970 60293 53248 89192 87423 72214 18566 98909 47527 64399 42598 95535 5565 4513 
8231 15
63064 40073 27259 83274 11166 38224 42848 33245 39471 90980 11135 89537 12650 77976 35838 
8262 18
4437 34545 48142 60403 55618 74958 11053 95669 77806 14172 48694 38939 13390 48070 30397 78104 54072 98408 
8305 19
93597 33976 12187 68416 83764 81358 62895 63507 12372 68054 46303 86177 82989 5448 413 38368 54721 49195 55034 
8337 12
49065 52005 92325 95626 77930 82222 95533 11660 56466 86257 13363 53470 
8355 20
98742 12714 70313 75917 85268 50935 39679 12111 94319 73356 45253 96879 30705 39239 43464 57932 84653 25848 52061 62236 
8455 10
50664 17187 64012 38317 94429 2216 57575 80505 74959 56557 
8570 15
80883 94446 77170 43951 50242 73027 41692 24600 97890 90408 58990 89142 8346 5828 88021 
8594 17
66957 58682 49517 52954 76876 36715 5825 50344 96823 47980 13067 34282 42069 698 18250 21708 2194 
8676 11
37232 97001 3823 69102 50248 39291 44715 54458 56803 50899 3492 
8706 15
4872 19984 55582 26811 21102 93440 89150 63824 37125 59584 79892 55071 66212 73379 7351 
8746 13
1829 88860 21755 50308 64900 34502 15660 60597 18958 54434 76894 91568 48171 
8751 14
4492 86186 18817 64277 2229 95125 11360 47966 75430 14149 98134 72545 5650 97838 
8782 16
32803 16487 43550 83578 32314 81088 98706 9812 69163 35329 48904 63707 97974 4595 59200 91337 
8791 19
89708 27407 40812 67079 32205 73654 68515 10195 5851 77912 86695 7772 7524 91907 95022 99958 55805 58323 70762 
8810 18
50072 4599 60525 62283 5961 88051 52881 75904 89320 68008 78969 64484 26015 39970 83559 36984 72054 50586 
8842 20
97569 73662 8830 57636 84610 17200 73532 60284 69462 60736 57948 58556 2310 16556 4485 73764 61860 75063 16674 84653 
8933 17
88991 28327 7347 72257 13356 24853 80083 51725 55138 15618 12602 13688 56987 81761 96832 83958 89813 
8962 18
18117 16147 44453 8814 39110 97802 7164 61174 73052 67986 28263 82437 26003 84887 88768 27358 55332 17174 
9066 20
68939 86606 17606 1232 47537 89128 86419 80719 57252 78821 58568 66300 49881 9903 16172 66404 73467 38650 53453 11625 
9091 19
23130 71208 93637 72506 93778 35018 86278 61005 41511 73436 99967 56104 68454 48431 9141 27495 97504 71469 44891 
9099 16
45933 75338 15643 16305 73990 67876 37064 51940 38947 22036 53863 67818 38438 10692 78110 45408 
9128 18
14032 6763 41170 77778 66290 43449 6199 48531 76510 56152 26264 76763 59735 88368 90595 20291 50738 22056 
9133 15
96798 63921 56342 6008 73645 45721 42541 9243 97900 65648 71429 88391 56111 15525 26225 
9162 14
8412 22283 54301 9631 36236 86260 18115 21758 81226 76252 34284 47988 8728 30550 
9248 14
48950 3464 59048 43720 67643 31013 46102 76852 80548 40299 69843 48098 6174 31706 
9283 17
66032 12928 61360 69266 54745 32121 6947 32820 50737 90715 64807 52982 23713 91110 81411 92144 9580 
9341 16
60594 50445 18500 13863 5362 63744 47497 23898 41665 69910 69038 59400 1568 16571 74584 67062 
9389 18
26876 78494 265 57832 70341 49390 93554 12242 81612 6821 59846 50923 42849 95062 80869 98735 18197 54082 
9465 18
55448 43119 60222 20885 44974 61484 1974 71048 24072 50407 83611 46238 28695 68924 18010 18494 35774 18415 
9578 16
92980 47747 99890 80471 23554 73406 83655 58330 73443 50051 98155 54020 58147 42566 51584 3712 
9620 11
33179 65426 12849 13867 5576 50977 21016 17094 78351 65988 88604 
9774 19
22042 41094 76717 83016 36765 80411 71644 1554 25862 66156 25109 11415 9780 40227 32812 79538 75372 12156 371 
9829 19
88487 51779 56041 77453 67231 1070 83501 86822 32779 97558 47315 75869 11205 47730 20136 21391 70861 3990 64120 
9913 16
93744 96531 26746 5896 73854 49953 11524 6464 74864 44924 34662 54421 79315 27883 86317 36752 
9922 15
64093 39709 94147 47545 47451 82790 25632 57338 56391 12820 77306 53726 94940 5847 23760 
9942 13
34801 92963 92340 79194 26131 68696 66376 12038 89284 96408 21151 85910 44516 
9977 17
92433 52412 47123 28429 68248 65125 87676 60396 63775 1364 40856 33970 4094 49485 65820 72965 43782 
