15
960 111
44261 49114 4772 10246 51876 7544 17016 76539 94952 78074 30117 74361 25961 107 66862 63779 31336 5475 42225 39628 59943 26599 48316 42917 38070 11448 19431 43639 87445 62456 54891 2488 87712 51196 59687 12061 50052 66161 63356 12818 28768 31978 59494 84810 48563 46174 52327 59873 94999 77346 53154 35120 23922 72223 2051 44935 54522 71564 53485 265 62564 64418 50403 94718 59962 50486 89679 946 83591 54465 46962 29567 10869 21090 51861 9966 10637 88364 17116 74055 71219 33843 32705 87227 48693 60256 39021 31496 9546 12806 54143 54444 5725 5471 99784 84873 52636 96093 97687 99308 15855 3101 79676 8638 65075 84320 25355 9421 97240 78036 52283 
345 99
10102 33481 19434 71301 38678 698 41904 58235 46239 967 71140 880 5633 82196 70269 9844 89511 47976 58714 49783 91040 2793 18924 22031 54833 47044 51657 70045 13096 32967 54759 90733 89275 48445 16279 49726 83797 58569 46918 54618 14136 69386 57587 67453 48436 35146 52092 62120 27876 2813 46541 60681 62251 81026 86962 25649 38844 93210 11569 94392 9072 8460 71580 53331 25490 25046 14529 35454 57555 85130 75269 13273 44631 4985 32687 32086 59800 53952 31543 79204 63367 18836 70007 34081 3643 12122 79533 11155 43678 67835 46830 77433 60044 40688 93506 53371 27194 909 18780 
104 54
35639 66805 93797 16248 26272 54611 53039 98845 65174 80343 49340 69418 22566 13050 83204 95619 57624 96734 29692 20911 51093 47165 73823 36575 87373 53550 21149 64295 44980 6276 22182 75719 32099 22098 21326 25208 3160 81443 141 59961 20568 94477 47235 54642 98458 4386 86878 86013 46697 68697 96133 6582 37849 91627 
773 414
34155 85500 36688 83921 91553 64335 62500 43252 340 97600 14896 36856 87989 94678 44107 47246 51228 51659 56430 66056 33255 64401 27761 27480 89321 54699 25378 62596 11912 81216 14738 57091 98531 73686 90151 50750 15369 12595 69570 90526 16143 10651 40332 43473 21310 85998 53506 39026 64494 33144 24255 3447 13041 40931 19322 85050 35709 57597 25949 78980 73247 64388 58085 992 9426 78416 71093 34911 88768 45725 89292 32132 19390 2756 50141 76312 21198 25659 26302 48263 2160 64038 39234 17138 60291 38060 19898 24959 5703 68147 12658 76853 84406 1433 71366 20407 22849 35249 55725 92352 11321 69003 56363 32600 89712 60089 95708 66423 1871 66 18450 31799 2002 1904 44507 28966 60039 25807 9116 5396 89374 97602 48603 99582 57874 66995 80130 11948 45825 98151 65491 59080 39739 6431 19499 4707 65029 28461 91564 79389 18359 62323 24575 25085 14406 54359 13759 22685 37301 19092 64331 90669 93634 34768 40416 56525 75902 85862 30500 72084 57059 48130 76254 68181 57408 12628 42710 18694 61749 56604 754 13108 88687 72888 45291 45823 11080 89177 70947 37383 70689 52749 27971 87179 46287 21651 82325 37267 59114 91001 51565 66333 35877 44945 82453 47531 17818 60357 69699 72668 34776 42368 69938 23357 65090 2547 53293 71569 55064 68235 19769 55563 2259 93012 84806 14766 82901 96821 64975 27293 47106 99424 75996 63814 55143 16022 15057 65832 35520 55724 21772 84634 19694 80618 95228 12277 20867 49498 80567 76369 40900 61772 52588 61312 87995 31686 61969 56309 81533 15486 33632 65072 13115 64226 13329 64855 18 19722 65945 83085 96323 12476 80308 61371 5954 38554 62149 53411 49388 39305 16841 72582 41749 38865 14048 65974 8511 62585 26354 79617 20947 5864 14955 1933 7525 54996 3227 17957 51993 39750 97965 22122 48299 44374 57555 76781 14586 23917 9033 74132 78684 17099 49589 89792 27160 77819 9617 55010 30588 18867 38470 62853 60062 56365 47808 95330 56414 36156 95745 32233 84172 31810 33463 46121 4123 57725 50344 15093 66865 62285 72068 75437 6583 12367 22540 8576 54273 78908 22581 18587 55465 68991 10184 6919 44909 38525 59528 24544 99274 82171 87844 23163 4419 71440 72880 43335 69951 83815 90505 80110 57360 73705 47729 79816 15518 8475 94839 10818 62261 1209 87020 89136 76815 37145 17316 44798 91569 69899 50775 75136 21853 80307 57142 2072 3619 45488 76286 15092 96306 9250 96812 84781 73031 32447 20311 70584 57047 84957 96979 58186 31355 89522 37690 80875 21067 10897 7865 87473 74427 16567 74422 62080 60699 71937 
618 856
47570 11725 79403 2042 59195 77842 29612 6653 61549 4549 53207 92670 28098 9613 80197 12763 33401 84940 94848 78509 99385 57625 27522 51946 87678 34802 43900 50068 92376 38451 49476 47972 54028 96595 17516 698 35909 46144 64856 82165 10110 44962 506 36891 25405 73410 55640 9852 34322 99728 16089 99065 71028 68426 76069 83950 83716 59260 41236 12273 98683 26803 23134 55197 57089 45465 92171 61961 87850 42655 94567 53887 34884 75526 66862 41140 9247 82666 13083 87340 79840 10733 29410 7176 65249 45175 84474 15469 34754 38105 82461 53291 23555 2317 21646 55235 27228 19358 63970 80738 99351 24846 7145 21095 19109 51611 1607 1344 8716 5513 21396 31775 26401 4181 58119 51938 47702 11468 78416 85673 27535 90270 75858 12285 75059 45725 39103 14517 20440 12286 56577 2653 69746 76335 22945 47638 39525 38551 86825 33964 48613 65289 94793 79939 94223 8032 75260 63706 85002 57936 65380 89487 40513 61761 20603 37108 79104 32999 22774 11762 3956 82048 46774 85828 33952 55277 81491 95756 23950 2731 33049 28567 15454 41119 59612 84884 76706 91519 40680 49974 97051 52449 51036 83296 28697 95880 31761 99394 59384 9235 56592 44851 95101 72502 81901 34281 99192 26191 83271 9166 30922 60730 21155 36266 33612 56235 54213 52733 30540 2849 1907 2607 51656 75399 93244 29901 46127 32367 40096 56561 99204 66532 15526 42566 68913 66390 73589 90083 20072 28370 85385 89545 56718 87017 2862 96048 56379 96220 36795 41814 58263 98754 84980 48057 15312 99334 41959 8848 35764 98457 21915 24770 99159 27657 70408 82006 91691 96628 29460 95921 37463 41587 13039 87867 87701 27328 26048 8047 60144 3286 47446 67238 41879 22657 1350 95239 16929 66587 61653 87361 63600 94020 66365 88229 20776 7309 97944 31430 23642 91492 1667 64146 26837 56866 30487 22359 25337 53765 9616 46177 85395 34696 47061 19950 14372 99223 63944 79819 6478 78323 20592 15125 58681 17322 12776 36091 31947 79070 39586 27929 52411 80362 16198 84943 4504 96707 6915 50985 63091 57675 10547 59506 77907 24752 68864 39486 32390 20649 55960 96155 73480 69031 57835 45231 14216 65981 12581 29417 12254 16952 60398 5908 56488 55998 73137 24615 20872 31663 19053 72673 40049 47371 71176 93814 22780 90846 91001 27062 86336 11823 38825 50470 63515 46518 57963 25447 82617 7000 20800 75221 14774 92998 97137 73991 87729 90873 63947 48231 47199 33834 22348 1608 20999 37437 80071 21574 66460 1053 64603 23705 16191 30863 18321 69283 67851 74386 96396 84863 42736 27353 1744 79576 5234 8751 97557 36921 85816 95046 17081 26563 85789 198 57057 18808 93115 64086 50162 1150 28870 14941 73261 35200 80948 33745 29441 75385 70578 11367 55997 99066 47191 36452 66943 16971 47006 13913 30612 85700 32344 82790 50839 72891 7641 10852 99275 3655 71142 74348 68324 98639 52535 26369 45344 68393 1291 2902 22030 58799 89207 45218 32703 9105 57365 74556 64438 50663 41850 18234 23330 98609 18657 19502 42447 61656 31343 84532 97214 26434 87153 49860 92811 10463 17374 48768 62144 94326 8495 17950 44167 40015 82477 69713 9677 3320 79781 17046 52975 72155 51541 72202 80412 37293 42174 11809 79559 31390 78774 18785 8437 2908 50549 71207 22088 19187 73161 77047 66687 25081 18386 48439 95172 41749 43470 65892 47167 86949 68266 95654 39131 29239 79028 11394 27164 46832 14515 71906 24108 78154 5538 60101 61240 1158 43840 2319 93956 5390 76355 50493 84139 24268 29809 99392 6147 68909 40308 6391 88872 29250 50776 36618 46332 62700 38907 44771 21585 6592 69406 88364 79439 54656 44712 57083 80847 16787 16650 74602 26479 34701 90746 18502 72301 13980 17078 66868 16144 14919 79362 97787 24582 25180 65773 7908 85310 51718 85405 44227 17144 66878 95279 59372 89710 40199 51752 39291 85795 77810 76791 45605 50951 46977 78787 99183 76303 62338 99459 47551 28952 659 34800 78804 83806 97465 37044 44896 57146 55709 65609 9146 52010 32953 32053 39747 49647 72662 19799 65015 94273 29631 94103 78775 85584 66797 25295 18392 7187 42967 43892 23593 96524 29337 82619 21440 64692 30630 46034 70384 64642 55919 86305 67666 70941 23528 89819 61052 62809 3313 71857 88013 98474 81229 49674 29913 64626 74323 53495 45831 74082 43315 4528 97805 65381 95683 24381 76333 51273 82525 79950 39220 91173 6686 97193 61472 87879 13707 57360 42727 96604 26204 84901 29202 19692 79142 56556 91975 4554 13257 75223 60817 73386 14438 22909 46773 89715 12693 67041 38999 82926 52659 17629 62543 10229 61110 89730 58901 71742 169 85063 63610 43126 82476 79850 23560 43174 4339 22984 37544 22097 77360 70364 40644 17316 62064 28020 32586 44116 23015 7938 73214 98066 20798 20758 37503 88015 14312 84448 76568 48143 22026 74302 83794 65368 15797 4838 85886 59232 41039 2103 60261 46362 70206 7981 79832 87377 1806 12991 47028 21763 15634 8361 95217 24275 31244 10064 73077 41893 68885 52324 21987 77153 59320 75441 65858 44355 5160 65640 95903 25597 48086 78325 35953 9992 58727 38614 42408 460 42414 62334 70133 83821 77823 31881 48 23311 61149 77018 96154 7373 43899 80338 20601 43561 14119 43630 37811 17844 27300 70036 13785 92409 29118 30585 98604 86347 37436 96467 18860 4660 23495 46151 62761 66957 35089 77293 41076 13120 69637 
288 384
32732 19591 42202 73006 86166 86163 84940 65 70798 33874 48864 49569 5525 30460 94500 20830 61874 68478 28292 24646 12610 27772 38823 93322 15407 6755 15094 61824 21689 7608 92320 87043 64610 81845 35855 87616 38715 65605 54124 70063 62981 55243 11741 49529 8094 44000 40410 87203 51674 39999 88453 45725 55478 66702 15962 16390 55564 10316 61768 79023 88846 2929 46877 20942 92567 38030 45835 79956 15188 9829 38654 94403 98375 67542 4319 90745 47981 7567 90872 36842 30686 45452 49322 15187 56212 24550 50382 88213 770 59843 75399 39084 95470 83713 14448 66288 13479 42433 79899 77114 79563 20782 52489 86352 7247 55063 99175 59892 53054 27301 80968 54288 50844 23356 28087 10911 17255 6660 93064 37021 82338 75088 19329 76122 78310 65768 38661 8470 14826 40744 29609 19787 95313 37142 91212 94376 28230 64861 84749 45628 11820 11197 99352 17067 93781 33324 16384 66022 21014 37629 12135 60070 50346 55050 58728 49060 23815 6930 89172 15038 49318 18388 65512 22299 85951 40501 79543 15757 91591 63813 48833 871 19294 36004 44452 79862 65087 20660 87627 66065 96620 32781 40448 97090 83175 46188 94758 80173 72666 99778 9599 79896 91150 25275 55540 99245 67851 30725 272 71569 85871 3654 6490 36576 42557 84995 30084 44210 8964 8667 20100 28356 22556 50484 52097 99149 55392 96275 44927 67610 50508 31713 529 25577 94634 8349 75838 6247 23402 62094 12905 50559 91955 91255 55957 93006 53985 23235 69335 44117 19868 74056 9006 76822 9872 16483 54010 36171 26943 4280 72049 64302 58980 89766 92307 22589 5314 77227 64849 74663 80960 39407 42141 86829 20658 6147 40308 15590 42616 90007 16768 5581 54771 72333 11891 87131 56318 10169 33782 15636 14690 23934 47914 99809 2492 42521 18519 27340 20286 77999 81171 49511 12915 97774 60824 68694 21590 55487 33614 73060 74901 58909 57539 56699 34277 92997 37573 69942 4720 88987 91158 61052 77942 2313 43222 26270 67000 65978 97803 2098 16860 5523 16928 12651 78393 68505 27741 60229 88100 83483 61164 41082 97691 80089 89683 90777 69598 56427 63652 56091 28994 80949 32691 12802 32552 25736 25800 27865 29687 77720 67168 83245 34053 24331 69302 71456 75061 79296 20061 90147 78150 21402 90184 5255 66035 25874 11473 13611 31608 75578 4296 68395 54572 43903 74450 49641 909 48061 8189 98244 64093 91041 57540 5766 
563 795
73819 2830 43056 78506 75293 35388 10102 88166 94983 91563 62176 12846 44366 53950 2749 54893 80047 49329 66075 97160 16332 24864 33690 88929 12876 73128 4079 89382 99053 98583 28850 89979 27315 22642 83061 47951 29820 36165 45945 3060 3112 76137 29873 61767 77743 5430 59746 90263 25249 64528 8155 19758 29008 99199 21393 24064 99676 26235 5308 3788 88424 10214 93297 93280 10028 6086 69341 3689 408 1597 31897 87543 28458 28926 40334 27583 13712 40817 96711 12175 68194 29303 5105 94837 70559 74123 37758 98064 88618 24450 17866 39026 25902 53524 21276 76340 96134 10722 91673 53163 22670 20858 17921 65516 18116 939 2758 8165 43584 75224 5276 40449 4199 14750 25685 98842 29760 95815 69556 69373 2626 68689 35055 37931 36246 87201 8653 13909 32048 51295 10091 42875 38068 78730 58331 69243 68285 51867 83811 15957 40124 36767 85415 89149 83923 151 54080 11423 91978 21696 90710 94310 39951 28038 71695 10987 37796 31656 12604 1626 38751 32978 14441 97383 53218 70341 23870 35981 76079 36121 24590 22830 38973 23036 18868 17006 3242 59910 93820 90003 76638 39336 73479 49439 57716 55059 33432 53601 19287 41975 8696 46191 39677 64434 78654 79189 44515 19940 32612 45483 40088 6171 88758 13992 45909 75703 47125 69577 39130 53472 95598 13058 66390 45455 34183 11747 51628 28620 48339 37256 31198 53489 46941 53343 45768 8278 83742 94049 969 3815 54410 5020 86089 49065 8788 64412 33442 93740 67893 51780 13612 42252 62156 69888 14490 59862 18993 26952 62632 73835 14865 83569 74604 3950 91078 45559 5226 89864 60099 56879 27898 90288 96673 95057 51121 35795 42800 93325 12564 55112 33606 49009 93220 7528 75621 37150 29474 14575 4472 91461 92419 43089 34399 55588 28671 51296 62777 64617 75796 19539 24873 40204 43727 46505 40653 8881 8652 81380 26385 22829 25622 23289 82526 63301 70743 7515 15889 87082 36823 67189 36442 9056 72034 53174 68376 8671 76386 95183 1418 1170 33148 47921 52722 29170 40283 8116 71051 85493 55060 35207 51783 78581 66487 57420 74173 64455 58282 60364 76662 43625 45321 92005 3000 22913 31569 30012 97654 75587 2772 67441 12222 7755 44579 73595 40573 11355 9899 71741 40901 77366 99102 66531 72363 80085 97355 39756 49272 19920 63237 76699 75394 73776 34650 16105 36477 8254 44248 61836 28202 81256 54843 73955 25710 39768 75107 72788 55763 51399 38482 45803 87318 8829 74620 78712 2933 89856 54104 96386 40566 94383 79344 92488 67872 37315 41386 75311 45967 71279 82495 85700 13473 3560 20969 31748 92202 56682 71054 43935 86675 59119 1596 51130 59124 47291 13878 94803 78578 74747 96012 9270 47440 85299 66684 74872 83788 34937 51964 20314 93776 69512 98127 91144 15383 566 86578 36773 91361 47195 46655 6551 18731 47788 39773 16127 62196 30837 52686 85654 22398 6764 66980 67061 54006 55069 86971 60355 24063 47949 28815 58867 54039 29149 60775 80577 51922 88704 46989 36519 94831 9262 24977 98971 33798 31956 60363 23078 50212 74749 90564 73241 47024 70473 15990 63820 10048 25164 59083 43660 35689 41420 20105 88880 19569 99675 33074 39680 30259 4484 5585 82805 43617 57459 93353 89368 45872 72074 88782 19850 68539 48775 92817 83329 76929 56605 34739 51379 21533 93314 32190 97367 23362 42573 88068 155 77244 40054 43450 28251 82330 17401 41635 39483 88600 65666 93424 48658 97070 84888 90845 73226 32042 52208 91911 67816 76143 86551 37976 30834 83562 72952 36364 84740 76820 48244 1348 60671 91746 75851 64203 30568 45340 80442 38930 62661 88322 4973 41102 91677 15378 36177 7690 78466 47855 39432 29816 76950 32726 75029 2056 88303 60427 97318 23947 55226 54709 36343 93813 91574 77774 43713 3731 18357 13803 10951 14616 70745 74413 64772 50466 1813 20142 91241 2086 87993 44121 37535 37411 43480 8479 51000 96650 34630 95538 95837 96472 72120 7232 60594 83808 93330 61490 57583 8523 34663 94042 16473 23304 728 83501 26846 60020 27230 62210 18883 70307 73252 66218 83963 17010 6722 29420 5030 11836 88597 39071 74283 49313 10868 36831 59491 31460 66382 82773 59409 43834 67211 61110 4765 48585 5202 2483 3723 3494 4128 53292 48076 783 65618 19117 5218 60414 82995 71668 92527 90777 33466 12294 19652 23234 11482 90258 22233 42754 79273 89786 62767 31067 38893 1321 30763 27124 56189 20460 18900 36103 9236 29957 77001 79360 37932 39090 85995 12490 79047 43636 71566 69105 35716 95308 92356 95879 79169 36398 16189 88554 93579 21192 68349 75023 31137 76610 56685 37603 7974 6828 61856 90514 62617 71329 61907 34936 10507 31267 34143 33418 57494 99909 2805 21379 57945 65678 79419 11328 57556 12447 24070 48336 52015 40753 54945 43191 9271 5022 33877 76374 95137 9851 9796 54607 63225 34750 38555 74515 41460 54058 92990 45377 15761 21854 66439 98286 8006 14036 69674 40434 55733 25846 75095 40761 6080 83674 70618 47014 12044 69995 
604 298
43980 61618 15697 44115 8745 32449 89849 71932 98954 44220 21317 46220 49025 90348 81052 35330 73381 2747 22985 43487 62628 87834 63900 80675 41303 41055 69820 23061 68696 49970 4377 49197 33280 70317 21652 62981 30721 78029 1593 37190 77251 4589 82112 77019 78271 12810 35320 23806 3116 81115 99463 62387 9519 51111 23354 39234 14697 60033 57936 47793 97297 93430 11231 46275 85072 70426 71437 60036 79600 32442 56823 71905 89037 2519 50236 39197 63024 15266 67928 78569 63803 99234 52124 42378 50845 35779 24756 81245 2123 3887 89826 98644 46979 75222 81458 86367 87385 68634 32862 17809 30956 48665 51575 10575 10345 97972 17214 8675 56540 56015 20231 23981 90733 80626 88710 70878 92557 13336 77161 47511 95370 15770 39961 52084 11951 33452 85264 96196 38867 50128 59206 48588 46349 54772 12572 38172 91899 17195 54603 76161 14087 42234 63757 33293 50716 47327 97362 17367 31569 8414 88264 51913 53193 30826 44023 80378 59438 41091 18342 24347 63624 35232 42557 56276 99202 10475 12010 69856 95402 39332 95039 48178 9118 73106 30227 80044 8760 84204 51753 52974 66195 63992 81769 78518 77711 15334 29817 47389 96207 36970 66041 61591 83629 67662 11675 9921 77141 56678 46567 8518 54336 34503 91258 93267 90741 1416 23231 70950 34959 66605 18985 64712 16617 31407 47249 5378 3049 59390 28145 86185 36504 18574 85883 8079 12833 48418 52941 94879 39041 78249 50811 32635 93334 5137 10531 42717 5623 14951 47944 73055 47623 70753 18315 12797 88099 60603 15831 56211 35370 66168 85472 40397 53149 39692 54973 83117 31093 54084 4502 97590 922 58901 79946 19392 98852 37176 35801 99283 56667 27986 48122 69547 3061 59761 91853 13840 82376 14028 94099 61796 26005 53180 25560 19715 49456 89777 85296 60795 11643 56958 70517 26602 18649 20545 48629 35588 67049 96266 
541 356
41681 23747 86243 77717 19910 94955 47116 82658 53936 14142 67580 66056 83791 46281 39892 64202 84120 72338 74687 24554 88049 14308 44404 54504 81305 12585 56509 28791 6634 84395 30199 34240 89682 4638 41767 86098 79269 71775 65329 77091 43586 47383 25732 76631 9016 51021 86958 74980 65837 28681 44588 52841 39140 346 59079 37514 24247 3417 59878 10896 49051 57120 97247 65596 28494 55323 60127 84406 42611 32944 91905 39738 83012 81847 42792 95285 76493 16420 68680 6647 23713 77334 69789 1160 2551 35863 67654 54035 58479 32212 93668 34367 39415 59191 58748 98229 62786 70150 50983 44684 75163 31344 86733 67600 91259 32932 53341 1096 33360 44288 53330 33299 73594 3889 17377 89864 89821 31884 91123 97384 78011 54353 28916 12923 8012 12525 90020 49716 38234 50713 41013 87651 77964 17976 52191 10727 24918 45680 69077 90697 56696 54643 77622 90725 78140 25793 17195 2308 54272 78383 81253 33832 1276 82289 13918 63845 63394 69594 61146 26660 55783 16188 39087 55931 70184 22717 45870 73376 96937 23618 66803 10565 49539 63738 68881 38245 75469 28856 78909 16708 90654 83091 70848 14671 59166 99993 36754 45043 80177 42126 22669 38718 97597 93834 14568 38876 75563 87659 61138 60347 22767 65006 85752 75719 72254 60293 43828 79458 3755 67424 76892 55461 50287 85654 77151 72496 6146 34089 19003 75825 39842 59906 16680 57066 95975 88902 8430 11286 83183 25220 16115 32474 6906 74549 58953 15149 46767 48413 76902 69693 68069 32384 27056 13600 20785 50448 99491 76512 11104 49709 6036 76801 17561 7250 25265 52321 59795 76544 92955 89107 85964 92781 89710 2752 45399 99971 83249 16324 32536 31760 18519 17528 73317 81171 92722 12442 27692 97860 53385 61669 21026 52333 85584 41043 87258 79529 97246 91434 15353 81137 3063 39220 7412 7264 71518 10591 60650 78456 49211 69073 32652 29368 7218 21406 7660 4260 19106 81919 90084 95066 68414 79107 38635 40206 64668 65010 87626 94973 7258 46688 95557 78199 57005 80973 20249 47289 79020 39418 79832 40779 97855 82871 94598 14326 69780 28866 9046 73007 73946 41058 67992 59954 43399 43203 29324 62538 95352 95074 50782 32148 78614 53040 74422 88683 73520 1130 
153 126
81942 67420 73605 42747 69325 2795 23461 23789 17428 83074 72042 31296 43976 29110 35907 61998 92772 45422 95680 69907 69612 71010 68936 16810 63471 21348 58936 74538 97293 85557 24082 65000 50155 12326 98906 37037 63567 82025 99514 83165 60313 31833 50731 54575 8019 65173 94005 89653 87795 87884 64357 42672 38997 82909 25204 67895 85924 92921 4687 88664 55867 55539 95434 25536 2813 60065 28870 30433 60192 17916 74915 34468 91739 23857 25701 66691 33827 5630 20643 72235 55589 5841 43648 58134 76992 70985 25545 57210 96191 19820 35461 73898 19406 62536 31629 31613 48237 95253 76540 81340 61210 38162 45553 93447 60136 6603 48289 39365 74665 41302 98993 73312 60896 5567 38527 42473 40754 88754 35956 86230 22851 70138 31103 58395 83707 62092 
201 694
98313 17082 99652 99781 15720 12392 85007 78398 36237 23080 28491 89195 4068 99650 64698 45124 19867 19990 84468 33464 59263 21127 56238 73151 53266 68009 68900 65950 91341 96092 8622 14973 93739 72250 70937 82261 5279 38949 89017 87376 492 44375 85176 41514 70500 31908 26949 9852 68478 48174 37036 82350 51969 69503 31625 34733 54427 7870 35478 78662 90562 53667 92240 96079 69060 61713 82275 70559 96326 57029 54887 83446 92748 78946 72488 29185 65783 99035 93931 14334 60569 64953 27679 27866 92688 6967 85050 86682 82678 39882 83588 40449 54599 37898 76153 76065 81127 18494 68999 40732 80505 40313 96370 29227 82651 83536 47652 66592 90696 50262 74052 88648 33999 65815 85364 99563 19138 18972 51165 71679 74193 68980 81487 93184 56607 81375 53783 10896 7183 33168 98434 94167 94656 61076 38268 45444 55293 77421 47473 14415 50856 99517 10879 1003 38345 16703 56136 76448 40260 81847 79305 16509 5139 75067 48476 63312 16892 96076 39287 95249 51966 32934 32748 42541 11922 27503 64717 53059 37307 62721 99695 58585 69522 8906 39130 73314 11577 43065 16500 87102 29952 69886 55253 47310 89254 64055 33882 11478 63864 41625 56521 78422 73890 36671 32079 29077 48451 60643 74 50797 76197 93716 39851 76283 13295 67665 16731 99981 53544 78241 3370 96210 91290 22615 24495 83426 12436 69365 90897 4762 61260 31006 27416 97886 29430 45928 65554 77262 91123 95655 58622 66193 25878 52099 71683 31615 43481 86124 34389 466 12154 71011 74911 11960 52104 57580 98610 78323 50708 31464 8250 22683 18929 99732 47684 37372 67714 12628 33490 92865 6533 24727 74081 1892 93748 52079 61612 9097 66514 46893 27714 38445 36071 41086 17707 98409 59387 57743 30088 76386 87319 77196 57962 89797 93428 90310 26307 51971 83461 28354 40716 72746 15185 94563 92695 60762 87491 26904 69647 75011 99869 85681 1784 17387 37114 78103 17723 94916 19330 75342 61356 82882 70048 45689 34302 69468 34863 3632 61555 62450 84992 51743 9605 85352 12722 32759 84382 92359 2207 4648 30242 11005 4230 2093 44599 83626 90472 60579 77060 19790 50690 58406 8140 78321 16273 39516 84364 20376 6193 6419 42012 8567 72228 69131 84806 80332 96505 1536 44682 7497 10684 95970 11867 15243 21831 52718 97187 13800 74915 48348 90874 17483 72019 51996 97133 21844 88616 67880 57906 91433 59395 64012 17674 73328 28016 70546 41730 16079 27193 71726 44264 24276 1291 71340 26164 28085 80044 94724 82142 4259 18119 13641 37883 30683 36278 92723 39610 74872 51999 99669 15050 41028 80680 75674 28758 31816 56239 10544 58862 57447 9653 67384 9160 36838 7099 62270 70981 99341 6551 50016 60618 99581 74909 59481 1896 29407 26047 79984 87344 26355 29124 52943 91156 67151 29453 93215 35052 26336 87448 43611 29853 91735 93069 70345 43818 66687 52552 13520 49955 8951 72710 43120 10449 93422 25462 70360 39416 30961 12338 82087 60683 56090 91793 25725 76535 73864 47719 75338 20658 75633 41776 16704 98094 25969 33808 12031 20486 30492 95295 63745 34739 31462 77187 35139 42389 59707 49807 85992 64148 57654 14369 69623 63153 59577 36947 25180 85899 33234 3996 15384 40544 42729 88713 28386 22441 35039 6266 6279 69905 94244 61120 1037 98385 39966 14419 89225 78871 30477 52777 90208 3086 6583 67111 80479 17555 92241 87476 92441 50367 27 73756 60091 67308 6922 6745 35921 95567 79512 70384 64395 45451 98895 55636 80182 71717 76805 31547 70210 82647 5447 74483 44152 96325 14242 55082 15969 5523 35368 65381 98281 3147 77713 99847 13047 90543 68184 53817 64976 25252 8364 97976 8623 72380 82975 79052 79507 72706 69073 51205 81178 34618 32318 62627 56223 27338 63605 80089 92626 69738 70813 86945 95811 49236 92574 71262 18209 88794 10859 3008 46440 7938 74590 17612 29374 10407 75896 4691 8741 64867 14312 87973 53124 85270 5575 23269 90156 28874 91075 35864 89401 24785 43224 51029 59570 82043 47164 68850 537 65204 48064 32125 98739 39875 5955 1806 72266 73659 47606 80712 53755 501 51884 12177 2965 20424 42359 1976 1559 403 82971 89884 12859 70962 18433 89946 72130 39246 23519 81273 20636 31530 6599 91874 30322 58313 62484 23966 49288 52964 64700 38327 55423 95024 28175 50857 19823 47625 55991 30894 86738 31941 93256 90907 33872 
219 712
24788 65039 67 14155 95752 95788 70166 58568 3378 85068 53696 69729 78368 98466 52623 64117 17807 30238 58818 41642 29279 41231 66026 72499 46669 99053 10634 17769 40009 49253 19002 55476 75485 28865 78148 61587 34611 79915 64819 21958 26705 5947 97744 10110 4960 25440 80658 39642 65266 68478 17987 68125 77519 79689 50365 6548 75947 79304 37449 63701 56530 45271 53645 24274 96553 12513 41140 54571 28427 47837 43473 51792 37003 26648 43707 43987 51311 63550 57241 18171 58782 15603 42070 69871 88589 16656 12779 49799 3074 13510 2758 6784 62981 31284 48253 52695 85120 86055 89769 22600 37178 51674 27535 51021 51749 40409 69802 75268 98486 87553 18740 11441 1182 62530 53130 14550 49891 9519 66707 23336 70168 96638 68980 46037 24511 44516 12505 34337 28521 56123 48459 87630 48811 91808 60207 59529 3446 71744 45125 68854 20519 52978 17578 22222 92028 18295 36820 4025 95880 13678 7083 37993 56464 97135 87862 45328 4928 6812 78965 99979 85134 20738 68449 70141 29986 60453 1568 74711 98072 35275 57829 60151 81936 88989 27068 96691 14939 75134 27765 13076 91131 48599 57910 10717 67160 67226 28836 19218 28683 36159 4932 49019 67262 95691 8191 74557 23977 66995 60313 36770 41802 87189 49795 17285 1867 36148 26135 61829 32862 14251 8109 8968 24737 5312 29906 76645 23739 86763 58752 4571 23725 79639 42601 10057 44099 90161 2493 87516 39673 405 13859 36181 11612 35878 38795 20983 13584 18238 99841 59697 48205 25836 36580 78714 34987 9784 64000 94319 63988 42800 76078 65881 73394 89244 92693 83090 93954 60359 11532 20316 23902 81926 29335 28626 11960 12148 19490 42390 48567 17015 99128 66942 1601 84797 33810 83848 75054 68870 51315 75068 4763 72589 59387 27226 18010 37275 44402 24638 47016 54553 96315 93305 36365 39139 1119 52346 84831 78438 6532 47836 64751 67955 33031 36173 43471 38315 69582 12988 89954 62918 29339 58678 52436 26687 1459 79772 85338 40676 94158 25941 6135 10066 92902 10208 79790 71326 20351 80825 69124 66335 42909 16184 99867 68065 98276 4595 66849 22981 16654 440 45870 72224 57548 99157 9355 75776 88363 25899 11788 62478 92682 22936 63035 14309 75949 69724 5512 45863 57324 81737 94349 4089 58963 39746 16541 94826 4142 10108 90874 43209 59139 58243 21961 86731 95167 42132 82055 63043 12277 82522 13750 82556 17998 70507 25618 14719 23814 58336 34685 3797 25765 91556 5782 91347 11662 1661 39587 26203 63891 71457 72254 68568 89297 83988 91990 25167 28351 19065 26941 83976 32155 12347 48474 18612 88537 30182 42586 91316 19403 4032 60054 78484 74531 54775 8973 56115 26047 64607 55477 18250 58722 79209 10044 41352 99256 92401 51386 35670 17530 26228 20642 14042 6267 57972 58956 47104 29977 34661 65685 76748 14366 13617 31038 63052 16613 66179 60425 97916 76841 41240 72958 98496 2229 34746 70267 28625 10631 89334 40899 92163 92501 8531 67505 25046 93610 38875 22710 42887 97970 61116 49309 24197 43981 76418 71934 88938 36404 56413 69406 87644 72600 84606 83174 38343 64477 35407 42069 11937 82011 94878 56320 6528 81154 32441 91697 95279 83857 22661 28899 38462 52551 41541 19495 40562 74250 39627 36769 37269 57609 29652 72284 36821 34224 92940 98309 76316 47092 54166 4820 72664 3482 77893 26362 77999 57615 5284 18150 88303 43122 71252 62285 7561 23702 52021 90208 96112 89809 91977 47730 99908 43058 33620 91859 28940 41320 39411 62866 36642 26226 72924 37540 90948 37700 65647 40848 85022 10821 57909 99628 85535 44670 16843 76838 95672 87084 83601 47550 4211 78044 93780 43284 83832 86489 76333 90092 71222 75826 56118 24591 35549 82570 30946 12640 3128 83885 14453 9314 65814 39439 60968 13395 67575 82374 803 84692 45059 52844 18261 32652 53132 37177 35687 15442 50620 14535 96292 74327 12706 30607 91863 44024 60761 31583 63616 45988 6042 79039 83998 15987 63658 43926 62287 22674 32557 61324 2850 28365 36496 50813 99492 57428 75869 27085 12380 19315 31178 32565 58505 12391 88103 6234 35991 87927 31907 39107 72203 36039 89636 81821 11625 60670 20144 31226 71877 99495 78153 74278 97862 97517 74039 57494 93971 68607 14310 38966 48791 2621 18838 74460 55569 68642 82200 29308 71632 49556 7774 24046 47386 79680 51807 99530 75128 79815 94572 96556 42991 70703 37842 3209 25492 58112 54181 6699 56154 22565 94156 32751 37971 70618 86440 31971 70903 
645 16
19201 5871 17206 27327 40430 99709 41610 5428 98958 55827 25420 70748 75243 94335 25857 37503 
517 640
40778 26345 27420 6397 56055 28491 16400 18968 36863 93934 18413 84900 57260 70919 79900 4490 56284 96349 96890 19907 83467 70479 10993 38989 65058 82385 70126 21577 51876 9654 7514 46354 49696 19043 82080 25840 64992 93950 31255 84394 864 34865 60557 25680 89662 10059 6389 96952 84173 99536 71785 12336 96591 11605 42353 68010 97062 87058 7425 61425 66850 49197 98335 9004 61477 38054 92737 29584 9750 63863 23543 72624 46160 16086 68720 43522 4517 36072 9426 22312 58347 90653 25931 72033 77744 47519 27310 36493 87426 51295 80243 53939 53412 24886 82941 41079 88293 33498 9548 4117 97739 92749 86555 29174 24412 62535 146 71729 75080 76111 9156 82318 74863 65463 94482 67856 24082 34042 53298 11762 59287 88411 97820 94043 47859 45835 3446 45767 49270 82442 81743 67890 1721 96023 51240 86981 12704 40419 57767 94516 26969 91179 53255 88541 75724 7083 11404 22604 13113 94662 88279 32611 35693 57829 92314 83703 59860 74634 14440 43081 58107 12843 58280 44219 46205 24837 83795 62116 27844 92769 86040 67664 8435 96782 92876 91754 92838 6979 34533 67552 98227 26031 54135 36671 63716 54100 91221 55196 78372 32327 46906 65727 39822 26346 31909 2046 90579 5382 38290 61273 52782 65893 47279 63354 67051 60434 37476 89555 71630 37775 33301 17947 90287 84584 87361 41643 23662 27918 93489 17218 60478 4336 76336 10150 80976 48205 41966 28453 48033 95057 94319 69367 85697 70237 92156 93634 80453 97605 87260 95370 8331 98131 93416 77552 60960 86927 51546 20444 42390 28515 97161 53354 93219 3012 6976 54321 40444 48588 7005 93985 54683 70003 83361 46930 60061 70816 70624 61464 70664 95586 27028 840 84472 85278 87088 1243 88146 6953 99479 17039 70652 46935 47318 71969 1912 33859 63241 12911 56727 33904 36324 25589 79531 72449 6396 96593 33661 20974 84263 74266 15778 57775 74684 21695 5884 41089 27250 17598 41664 47500 22029 39063 82445 12697 24744 19268 80791 87811 28856 70577 67943 97502 43959 24701 8519 56146 66972 96865 96156 44454 3979 26782 51855 10327 78281 56445 28743 3105 18269 86919 12950 32303 54744 13565 56522 56424 36913 39269 72803 98487 69810 93639 66650 764 38876 86664 73563 68807 10646 70054 65264 40415 75991 48241 25367 4677 65827 28674 79738 5192 53001 53072 43838 47195 4443 66226 48328 32671 2420 75225 77142 17378 29127 96701 56439 83571 87578 83146 51386 71446 25911 35788 46217 96283 71144 81297 84046 37379 779 53673 84476 99279 8583 11022 39305 4002 44340 14003 95182 22093 89430 41063 98045 33981 88722 81844 2249 89569 12430 93119 91599 80990 89869 24003 90741 54455 89505 97535 48786 37894 72748 19981 54948 57011 42970 53091 63153 13213 92951 11416 37199 90119 15883 61019 68879 41928 58787 64044 56554 84176 89178 36156 4725 63660 8800 67514 58780 62115 44330 54420 93059 52941 86318 44896 73030 53860 11589 34743 73489 65609 78521 10147 32036 74767 9190 32538 33653 60632 45286 26449 8514 86287 65747 41669 86435 860 31540 79060 64983 36642 60912 35969 81925 184 57798 30077 36762 86892 54762 68234 83393 68059 66544 49420 18098 18939 58368 55448 1361 41572 95906 78414 10192 9469 76055 9714 42140 57738 36316 37187 39160 71981 60252 39216 76961 35370 47042 81246 33655 44280 48307 42297 40317 64237 15844 77098 73733 29767 32032 74428 84813 58169 92846 76995 86888 62627 80363 96893 45918 52948 10318 87161 48537 90280 9303 72247 17683 88176 65210 11194 72994 71561 5584 96217 68875 76067 66231 77286 80949 81848 62159 25412 20262 24477 72045 2905 39711 54370 21554 77524 618 40063 93967 18307 19158 94209 49899 27109 51585 23174 48298 30656 44310 12356 47606 59515 53249 10166 21054 27788 63209 34594 75948 57651 56882 61285 58684 33076 75465 8756 27949 52878 5012 83266 94989 75977 7226 24228 51672 84338 58822 66023 98825 41554 30401 27760 57140 31574 35588 62740 9126 58925 21784 32287 7734 27412 38850 49956 58859 27264 
768 12
60741 88596 21646 56089 37805 47199 51531 51999 60129 4042 15314 72168 
